#32021 32001 31 31
#32020 32020 20 10
#天空島
30670 40 9 10 30691
30691 40 9 10 30691
30692 40 9 10 30691
30693 40 9 10 30691
30694 40 9 10 30691
30695 40 9 10 30691
30696 40 9 10 30691
30697 40 9 10 30691
30698 40 9 10 30691
30699 40 9 10 30691
#封印迷宮
30611 40 9 10 0
30612 40 9 10 0
30613 40 9 10 0
30614 40 9 10 0
30615 40 9 10 0
30616 40 9 10 0
30617 40 9 10 0
30618 40 9 10 0
30619 40 9 10 0
30620 40 9 10 0
30621 40 9 10 0
30622 40 9 10 0
30623 40 9 10 0
30624 40 9 10 0
30625 40 9 10 0
30626 40 9 10 0
30627 40 9 10 0
30628 40 9 10 0
#伊甸大陸
60212 7001 41 5 0
#新莊園
5032 5030 58 28 0
6032 6030 54 10 0
7032 7030 34 33 0
8032 8030 14 53 0
9032 9030 60 49 0
#藥師群島
600 601 5 14 0
#英雄戰場
#8200 8200 210 30 0
#8201 8200 210 30 0
#8202 8200 210 30 0
#8203 8200 210 30 0
#8204 8200 210 30 0
#8205 8200 210 30 0
#8206 8200 210 30 0
#8207 8200 210 30 0
#8208 8200 210 30 0
#8209 8200 210 30 0
#8210 8200 210 30 0
#8211 8200 210 30 0
#8212 8200 210 30 0
#8213 8200 210 30 0
#就職公會
8219 8216 28 32 0
8220 8217 21 13 0
8221 8218 25 17 0
