1700|-1||-1||0|0|-1|0
1800|4|¹óÀûÇ®×¯|-1||5|50|1|0
1900|-1||-1||0|0|-1|0
2000|-1||-1||0|0|-1|0
2100|-1||-1||0|0|-1|0
2200|-1||-1||0|0|-1|0
2300|-1||-1||0|0|-1|0
10000|-1||-1||0|0|-1|0
10100|-1||-1||0|0|-1|0
10200|-1||-1||0|0|-1|0
10300|-1||-1||0|0|-1|0
10400|-1||-1||0|0|-1|0
10500|-1||-1||0|0|-1|0
10600|-1||-1||0|0|-1|0
10700|-1||-1||0|0|-1|0
10800|-1||-1||0|0|-1|0
10900|-1||-1||0|0|-1|0
11000|-1||-1||0|0|-1|0
11100|-1||-1||0|0|-1|0
11200|-1||-1||0|0|-1|0
11300|-1||-1||0|0|-1|0
11400|-1||-1||0|0|-1|0
11500|-1||-1||0|0|-1|0
11600|-1||-1||0|0|-1|0
