请拿30000石币及马伦的毒蘑菇来换 22268 14752,14753,14754 14601,14631,14661 4411,4442,4473 4410,4440,4470 G30000I2455
请拿20000石币及良质的木材2根来换 22276 14156,14155,14152 14001,14031,14061 3215,3243,3272 3270,3240,3210 G30000I2468,2468
请拿20000石币及超级加克拉来换 22272 17756,17759,17756 17601,17551,17501 9398,9445,9498 9490,9440,9390 G20000I2574
请拿20000石币及曼模竿,特沙金竿来换 22270 16552,16553,16554 16496,16465,16522 8013,8044,8072 8070,8040,8044 G20000I2569,2570
请拿20000石币及两件合成铠7来换(不带精) 22274 17258,17259,17260 17101,17051,17001 8895,8946,8995 8890,8940,8990 G20000I8840,8840
请拿20000石币及普通的纳豆(料理)来换 22278 15653,15654,15655 15561,15631,15501 6211,6242,6274 6270,6240,6210 G20000I12772
请拿30000石币及合成爪1,2,3来换 22280 15052,15054,15056 14961,14931,14901 5015,5042,5071 5070,5040,5010 G30000I4800,4830,4860
请拿30000石币及爱情御饭团来换 22282 14453,14455,14456 14361,14331,14301 3813,3841,3875 3870,3840,3810 G30000I12744
请拿10000石币来换 22284 18183,18184,18185 18131,18133,18135 18110,18107,18106 10804,10802,10803 G10000
请拿20000石币及原始粽子来换 22286 18359,18232,18233 11053,11054,18314 11126,11129,11028 11027,11026,11127 G20000I12929
请拿20000石币及合成石8(不带精)来换 22288 16253,16254,16256 16161,16131,16101 7412,7442,7472 7470,7740,7710 G20000I7410
请拿10000石币来换 22290 18481,18482,18483 18431,18433,18435 18410,18408,18409 11504,11503,11500 G10000
请拿30000石币及马伦的毒蘑菇来换 22268 14760,14767,14774 14685,14637,14613 14620,4496,4449 4482,4458,4434 G30000I2455
请拿20000石币及良质的木材2根来换 22276 14160,14168,14170 14115,14127,14073 14021,3299,3247 3282,3258,3234 G30000I2468,2468
请拿20000石币及超级加克拉来换 22272 17728,17739,17750 17611,17571,17531 17546,9406,9464 9520,9480,9400 G20000I2574
请拿20000石币及曼模竿,特沙金竿来换 22270 16570,16577,16560 16473,16449,16425 16411,8087,8059 8094,8046,8022 G20000I2569,2570
请拿20000石币及两件合成铠7来换(不带精) 22274 17298,17269,17280 17131,17091,17011 17027,9024,8595 9000,8960,8930 G20000I8840,8840
请拿20000石币及普通的纳豆(料理)来换 22278 15658,15665,15672 15585,15637,15513 15519,6294,6246 6286,6263,6234 G20000I12772
请拿30000石币及合成爪1,2,3来换 22280 15065,15072,15079 14967,14943,14919 14930,5042,5077 5082,5028,5034 G30000I4800,4830,4860
请拿30000石币及爱情御饭团来换 22282 14471,14478,14461 14373,14349,14325 14312,3883,3860 3894,3846,3822 G30000I12744
请拿10000石币来换 22284 18190,18195,18200 18155,18140,18145 18125,18130,18115 10814,10819,10824 G10000
请拿20000石币及原始粽子来换 22286 18241,18247,18400 18316,11062,11068 11049,11136,11147 11027,11045,11031 G20000I12929
请拿20000石币及合成石8(不带精)来换 22288 16272,16279,16262 16173,16149,16125 10108,7484,7461 7494,7446,7422 G20000I7410
请拿10000石币来换 22290 18505,18490,18495 18450,18455,18440 18425,18430,18415 11514,11519,11524 G10000
请拿30000石币及马伦的毒蘑菇来换 22268 14752,14753,14754 14725,14696,14662 14693,14664,14635 14636,14602,4472 G30000I2455
请拿20000石币及良质的木材2根来换 22276 14152,14153,14154 14125,14096,14062 14033,14064,14095 14036,14002,3272 G30000I2468,2468
请拿20000石币及超级加克拉来换 22272 17758,17759,17760 17707,17656,17605 17652,17603,17554 17554,17503,9494 G20000I2574
请拿20000石币及曼模竿,特沙金竿来换 22270 16555,16556,16554 16525,16496,16462 16493,16464,16435 16436,16402,8072 G20000I2569,2570
请拿20000石币及两件合成铠7来换(不带精) 22274 17258,17259,17260 17207,17159,17108 17152,17103,17054 17053,17004,8991 G20000I8840,8840
请拿20000石币及普通的纳豆(料理)来换 22278 15679,15680,15676 15623,15594,15565 15596,15562,15533 15534,15505,6275 G20000I12772
请拿30000石币及合成爪1,2,3来换 22280 15053,15054,15055 14996,14962,14932 14993,14964,14935 14936,14902,5072 G30000I4800,4830,4860
请拿30000石币及爱情御饭团来换 22282 14456,14452,14453 14424,14395,14366 14392,14363,14334 14335,14306,3871 G30000I12744
请拿10000石币来换 22284 18183,18184,18185 18158,18159,18160 18131,18133,18135 18110,18107,18106 G10000
请拿20000石币及原始粽子来换 22286 18232,18357,18362 18313,18306,11052 11053,11129,18312 18314,11054,11055 G20000I12929
请拿20000石币及合成石8(不带精)来换 22288 16254,16255,16256 16222,16193,16164 16195,16166,16132 16133,16104,7474 G20000I7410
请拿10000石币来换 22290 18481,18482,18483 18458,18459,18460 18431,18433,18435 18410,18408,18409 G10000
