#
# 演出関係設定ファイル
#
# 行頭にシャープはコメント
# フロア 演出番号 演出レベル 月 日 時 分 長さ(秒単位）
# という書式です。
# 月，日，時，分，長さには"*"を使用する事が出来る。
# 分に"*"を使用すると，長さは無視されます。
# その場合は，その単位の全てが該当する事になる。
# また，","（カンマ）で区切って，時間などを複数指定する事が出来る
# 100 1 3 1,2 * * * 30
# これは，フロア１００に，
# １番の演出を強さ３で1時と２時から３０秒間演出をするという事である。
# ☆注意：「フロアと演出が一致するものを１つ」と数えて２０４８個までしか設定が有効になりません。

#Happy Birthday
#1000 4 1 * * * * *
#2000 4 1 * * * * *
#3000 4 1 * * * * *
#4000 4 1 * * * * *
#5000 4 1 * * * * *
#6000 4 1 * * * * *
#110 4 1 * * * * *
#32022 4 1 * * * * *

###################雪降りの設定##############################
#サイナス
100 2 1 12 24 23 30 302
100 2 2 12 24 23 35 602
100 2 3 12 24 23 45 302
100 2 4 12 24 23 50 302
100 2 3 12 24 23 55 302
100 2 2 12 25 * * *
100 2 2 12 26 0 0 6002
100 2 1 12 26 1 0 6002
100 2 1 12 30 23 30 302
100 2 2 12 30 23 35 602
100 2 3 12 30 23 45 302
100 2 4 12 30 23 50 302
100 2 3 12 30 23 55 302
100 2 2 12 31 * * *
100 2 2 1 1 * * *
100 2 2 1 2 * * *
100 2 2 1 3 * * *
100 2 2 1 4 0 0 6002
100 2 1 1 4 1 0 6002
100 2 1 2 13 23 30 190
100 2 2 2 14 * * *
100 2 2 2 15 * * *

#サムギル
1000 2 1 12 24 23 30 302
1000 2 2 12 24 23 35 602
1000 2 3 12 24 23 45 302
1000 2 4 12 24 23 50 302
1000 2 3 12 24 23 55 302
1000 2 2 12 25 * * *
1000 2 2 12 26 0 0 6002
1000 2 1 12 26 1 0 6002
1000 2 1 12 30 23 30 302
1000 2 2 12 30 23 35 602
1000 2 3 12 30 23 45 302
1000 2 4 12 30 23 50 302
1000 2 3 12 30 23 55 302
1000 2 2 12 31 * * *
1000 2 2 1 1 * * *
1000 2 2 1 2 * * *
1000 2 2 1 3 * * *
1000 2 2 1 4 0 0 6002
1000 2 1 1 4 1 0 6002
1000 2 1 2 13 23 30 190
1000 2 2 2 14 * * *
1000 2 2 2 15 * * *

#クオ
1100 2 1 12 24 23 30 302
1100 2 2 12 24 23 35 602
1100 2 3 12 24 23 45 302
1100 2 4 12 24 23 50 302
1100 2 3 12 24 23 55 302
1100 2 2 12 25 * * *
1100 2 2 12 26 0 0 6002
1100 2 1 12 26 1 0 6002
1100 2 1 12 30 23 30 302
1100 2 2 12 30 23 35 602
1100 2 3 12 30 23 45 302
1100 2 4 12 30 23 50 302
1100 2 3 12 30 23 55 302
1100 2 2 12 31 * * *
1100 2 2 1 1 * * *
1100 2 2 1 2 * * *
1100 2 2 1 3 * * *
1100 2 2 1 4 0 0 6002
1100 2 1 1 4 1 0 6002
1100 2 1 2 13 23 30 190
1100 2 2 2 14 * * *
1100 2 2 2 15 * * *

#ホトル
1300 2 1 12 24 23 30 302
1300 2 2 12 24 23 35 602
1300 2 3 12 24 23 45 302
1300 2 4 12 24 23 50 302
1300 2 3 12 24 23 55 302
1300 2 2 12 25 * * *
1300 2 2 12 26 0 0 6002
1300 2 1 12 26 1 0 6002
1300 2 1 12 30 23 30 302
1300 2 2 12 30 23 35 602
1300 2 3 12 30 23 45 302
1300 2 4 12 30 23 50 302
1300 2 3 12 30 23 55 302
1300 2 2 12 31 * * *
1300 2 2 1 1 * * *
1300 2 2 1 2 * * *
1300 2 2 1 3 * * *
1300 2 2 1 4 0 0 6002
1300 2 1 1 4 1 0 6002
1300 2 1 2 13 23 30 190
1300 2 2 2 14 * * *
1300 2 2 2 15 * * *

#カタン
1400 2 1 12 24 23 30 302
1400 2 2 12 24 23 35 602
1400 2 3 12 24 23 45 302
1400 2 4 12 24 23 50 302
1400 2 3 12 24 23 55 302
1400 2 2 12 25 * * *
1400 2 2 12 26 0 0 6002
1400 2 1 12 26 1 0 6002
1400 2 1 12 30 23 30 302
1400 2 2 12 30 23 35 602
1400 2 3 12 30 23 45 302
1400 2 4 12 30 23 50 302
1400 2 3 12 30 23 55 302
1400 2 2 12 31 * * *
1400 2 2 1 1 * * *
1400 2 2 1 2 * * *
1400 2 2 1 3 * * *
1400 2 2 1 4 0 0 6002
1400 2 1 1 4 1 0 6002
1400 2 1 2 13 23 30 190
1400 2 2 2 14 * * *
1400 2 2 2 15 * * *

#マリナス
2000 2 1 12 24 23 30 302
2000 2 2 12 24 23 35 602
2000 2 3 12 24 23 45 302
2000 2 4 12 24 23 50 302
2000 2 3 12 24 23 55 302
2000 2 2 12 25 * * *
2000 2 2 12 26 0 0 6002
2000 2 1 12 26 1 0 6002
2000 2 1 12 30 23 30 302
2000 2 2 12 30 23 35 602
2000 2 3 12 30 23 45 302
2000 2 4 12 30 23 50 302
2000 2 3 12 30 23 55 302
2000 2 2 12 31 * * *
2000 2 2 1 1 * * *
2000 2 2 1 2 * * *
2000 2 2 1 3 * * *
2000 2 2 1 4 0 0 6002
2000 2 1 1 4 1 0 6002
2000 2 1 2 13 23 30 190
2000 2 2 2 14 * * *
2000 2 2 2 15 * * *

#ＳＢＣ本部
10920 2 1 12 24 23 30 302
10920 2 2 12 24 23 35 602
10920 2 3 12 24 23 45 302
10920 2 4 12 24 23 50 302
10920 2 3 12 24 23 55 302
10920 2 2 12 25 * * *
10920 2 2 12 26 0 0 6002
10920 2 1 12 26 1 0 6002
10920 2 1 12 30 23 30 302
10920 2 2 12 30 23 35 602
10920 2 3 12 30 23 45 302
10920 2 4 12 30 23 50 302
10920 2 3 12 30 23 55 302
10920 2 2 12 31 * * *
10920 2 2 1 1 * * *
10920 2 2 1 2 * * *
10920 2 2 1 3 * * *
10920 2 2 1 4 0 0 6002
10920 2 1 1 4 1 0 6002
10920 2 1 2 13 23 30 190
10920 2 2 2 14 * * *
10920 2 2 2 15 * * *

#ジャルガ
200 2 1 12 24 23 30 302
200 2 2 12 24 23 35 602
200 2 3 12 24 23 45 302
200 2 4 12 24 23 50 302
200 2 3 12 24 23 55 302
200 2 2 12 25 * * *
200 2 2 12 26 0 0 6002
200 2 1 12 26 1 0 6002
200 2 1 12 30 23 30 302
200 2 2 12 30 23 35 602
200 2 3 12 30 23 45 302
200 2 4 12 30 23 50 302
200 2 3 12 30 23 55 302
200 2 2 12 31 * * *
200 2 2 1 1 * * *
200 2 2 1 2 * * *
200 2 2 1 3 * * *
200 2 2 1 4 0 0 6002
200 2 1 1 4 1 0 6002
200 2 1 2 13 23 30 190
200 2 2 2 14 * * *
200 2 2 2 15 * * *

#ジャジャ
3000 2 1 12 24 23 30 302
3000 2 2 12 24 23 35 602
3000 2 3 12 24 23 45 302
3000 2 3 12 24 23 50 302
3000 2 2 12 24 23 55 302
3000 2 1 12 25 * * *
3000 2 1 12 26 0 0 6002
3000 2 1 12 26 1 0 6002
3000 2 1 12 30 23 30 302
3000 2 2 12 30 23 35 602
3000 2 3 12 30 23 45 302
3000 2 3 12 30 23 50 302
3000 2 2 12 30 23 55 302
3000 2 1 12 31 * * *
3000 2 1 1 1 * * *
3000 2 1 1 2 * * *
3000 2 1 1 3 * * *
3000 2 1 1 4 0 0 6002
3000 2 1 1 4 1 0 6002
3000 2 1 2 13 23 30 190
3000 2 2 2 14 * * *
3000 2 2 2 15 * * *

#タムタム
3100 2 1 12 24 23 30 302
3100 2 2 12 24 23 35 602
3100 2 3 12 24 23 45 302
3100 2 3 12 24 23 50 302
3100 2 2 12 24 23 55 302
3100 2 1 12 25 * * *
3100 2 1 12 26 0 0 6002
3100 2 1 12 26 1 0 6002
3100 2 1 12 30 23 30 302
3100 2 2 12 30 23 35 602
3100 2 3 12 30 23 45 302
3100 2 3 12 30 23 50 302
3100 2 2 12 30 23 55 302
3100 2 1 12 31 * * *
3100 2 1 1 1 * * *
3100 2 1 1 2 * * *
3100 2 1 1 3 * * *
3100 2 1 1 4 0 0 6002
3100 2 1 1 4 1 0 6002
3100 2 1 2 13 23 30 190
3100 2 2 2 14 * * *
3100 2 2 2 15 * * *

#トト
3200 2 1 12 24 23 30 302
3200 2 2 12 24 23 35 602
3200 2 3 12 24 23 45 302
3200 2 3 12 24 23 50 302
3200 2 2 12 24 23 55 302
3200 2 1 12 25 * * *
3200 2 1 12 26 0 0 6002
3200 2 1 12 26 1 0 6002
3200 2 1 12 30 23 30 302
3200 2 2 12 30 23 35 602
3200 2 3 12 30 23 45 302
3200 2 3 12 30 23 50 302
3200 2 2 12 30 23 55 302
3200 2 1 12 31 * * *
3200 2 1 1 1 * * *
3200 2 1 1 2 * * *
3200 2 1 1 3 * * *
3200 2 1 1 4 0 0 6002
3200 2 1 1 4 1 0 6002
3200 2 1 2 13 23 30 190
3200 2 2 2 14 * * *
3200 2 2 2 15 * * *

#ウルリ
3300 2 1 12 24 23 30 302
3300 2 2 12 24 23 35 602
3300 2 3 12 24 23 45 302
3300 2 3 12 24 23 50 302
3300 2 2 12 24 23 55 302
3300 2 1 12 25 * * *
3300 2 1 12 26 0 0 6002
3300 2 1 12 26 1 0 6002
3300 2 1 12 30 23 30 302
3300 2 2 12 30 23 35 602
3300 2 3 12 30 23 45 302
3300 2 3 12 30 23 50 302
3300 2 2 12 30 23 55 302
3300 2 1 12 31 * * *
3300 2 1 1 1 * * *
3300 2 1 1 2 * * *
3300 2 1 1 3 * * *
3300 2 1 1 4 0 0 6002
3300 2 1 1 4 1 0 6002
3300 2 1 2 13 23 30 190
3300 2 2 2 14 * * *
3300 2 2 2 15 * * *

#キクク
3400 2 1 12 24 23 30 302
3400 2 2 12 24 23 35 602
3400 2 3 12 24 23 45 302
3400 2 3 12 24 23 50 302
3400 2 2 12 24 23 55 302
3400 2 1 12 25 * * *
3400 2 1 12 26 0 0 6002
3400 2 1 12 26 1 0 6002
3400 2 1 12 30 23 30 302
3400 2 2 12 30 23 35 602
3400 2 3 12 30 23 45 302
3400 2 3 12 30 23 50 302
3400 2 2 12 30 23 55 302
3400 2 1 12 31 * * *
3400 2 1 1 1 * * *
3400 2 1 1 2 * * *
3400 2 1 1 3 * * *
3400 2 1 1 4 0 0 6002
3400 2 1 1 4 1 0 6002
3400 2 1 2 13 23 30 190
3400 2 2 2 14 * * *
3400 2 2 2 15 * * *

#カルターナ
4000 2 1 12 24 23 30 302
4000 2 2 12 24 23 35 602
4000 2 3 12 24 23 45 302
4000 2 3 12 24 23 50 302
4000 2 2 12 24 23 55 302
4000 2 1 12 25 * * *
4000 2 1 12 26 0 0 6002
4000 2 1 12 26 1 0 6002
4000 2 1 12 30 23 30 302
4000 2 2 12 30 23 35 602
4000 2 3 12 30 23 45 302
4000 2 3 12 30 23 50 302
4000 2 2 12 30 23 55 302
4000 2 1 12 31 * * *
4000 2 1 1 1 * * *
4000 2 1 1 2 * * *
4000 2 1 1 3 * * *
4000 2 1 1 4 0 0 6002
4000 2 1 1 4 1 0 6002
4000 2 1 2 13 23 30 190
4000 2 2 2 14 * * *
4000 2 2 2 15 * * *

#タムタムの山頂
20105 2 1 12 24 23 30 302
20105 2 2 12 24 23 35 602
20105 2 3 12 24 23 45 302
20105 2 3 12 24 23 50 302
20105 2 2 12 24 23 55 302
20105 2 1 12 25 * * *
20105 2 1 12 26 0 0 6002
20105 2 1 12 26 1 0 6002
20105 2 1 12 30 23 30 302
20105 2 2 12 30 23 35 602
20105 2 3 12 30 23 45 302
20105 2 3 12 30 23 50 302
20105 2 2 12 30 23 55 302
20105 2 1 12 31 * * *
20105 2 1 1 1 * * *
20105 2 1 1 2 * * *
20105 2 1 1 3 * * *
20105 2 1 1 4 0 0 6002
20105 2 1 1 4 1 0 6002
20105 2 1 2 13 23 30 190
20105 2 2 2 14 * * *
20105 2 2 2 15 * * *

#ゴヤ山の山頂
20406 2 1 12 24 23 30 302
20406 2 2 12 24 23 35 602
20406 2 3 12 24 23 45 302
20406 2 3 12 24 23 50 302
20406 2 2 12 24 23 55 302
20406 2 1 12 25 * * *
20406 2 1 12 26 0 0 6002
20406 2 1 12 26 1 0 6002
20406 2 1 12 30 23 30 302
20406 2 2 12 30 23 35 602
20406 2 3 12 30 23 45 302
20406 2 3 12 30 23 50 302
20406 2 2 12 30 23 55 302
20406 2 1 12 31 * * *
20406 2 1 1 1 * * *
20406 2 1 1 2 * * *
20406 2 1 1 3 * * *
20406 2 1 1 4 0 0 6002
20406 2 1 1 4 1 0 6002
20406 2 1 2 13 23 30 190
20406 2 2 2 14 * * *
20406 2 2 2 15 * * *

#ラトラ山の頂上
20309 2 1 12 24 23 30 302
20309 2 2 12 24 23 35 602
20309 2 3 12 24 23 45 302
20309 2 3 12 24 23 50 302
20309 2 2 12 24 23 55 302
20309 2 1 12 25 * * *
20309 2 1 12 26 0 0 6002
20309 2 1 12 26 1 0 6002
20309 2 1 12 30 23 30 302
20309 2 2 12 30 23 35 602
20309 2 3 12 30 23 45 302
20309 2 3 12 30 23 50 302
20309 2 2 12 30 23 55 302
20309 2 1 12 31 * * *
20309 2 1 1 1 * * *
20309 2 1 1 2 * * *
20309 2 1 1 3 * * *
20309 2 1 1 4 0 0 6002
20309 2 1 1 4 1 0 6002
20309 2 1 2 13 23 30 190
20309 2 2 2 14 * * *
20309 2 2 2 15 * * *




#ギール
300 2 1 12 10 * * *
300 2 1 12 24 23 30 302
300 2 2 12 24 23 35 602
300 2 3 12 24 23 45 302
300 2 4 12 24 23 50 302
300 2 3 12 24 23 55 302
300 2 3 12 25 * * *
300 2 2 12 26 0 0 6002
300 2 1 12 26 1 0 6002
300 2 1 12 30 23 30 302
300 2 2 12 30 23 35 602
300 2 3 12 30 23 45 302
300 2 4 12 30 23 50 302
300 2 3 12 30 23 55 302
300 2 3 12 31 * * *
300 2 3 1 1 * * *
300 2 3 1 2 * * *
300 2 3 1 3 * * *
300 2 2 1 4 0 0 6002
300 2 1 1 4 1 0 6002
300 2 1 2 13 23 30 190
300 2 2 2 14 * * *
300 2 2 2 15 * * *

#フルード
5000 2 1 12 10 * * *
5000 2 1 12 24 23 30 302
5000 2 2 12 24 23 35 602
5000 2 3 12 24 23 45 302
5000 2 4 12 24 23 50 302
5000 2 3 12 24 23 55 302
5000 2 3 12 25 * * *
5000 2 2 12 26 0 0 6002
5000 2 1 12 26 1 0 6002
5000 2 1 12 30 23 30 302
5000 2 2 12 30 23 35 602
5000 2 3 12 30 23 45 302
5000 2 4 12 30 23 50 302
5000 2 3 12 30 23 55 302
5000 2 3 12 31 * * *
5000 2 3 1 1 * * *
5000 2 3 1 2 * * *
5000 2 3 1 3 * * *
5000 2 2 1 4 0 0 6002
5000 2 1 1 4 1 0 6002
5000 2 1 2 13 23 30 190
5000 2 2 2 14 * * *
5000 2 2 2 15 * * *

#ダナ
5100 2 1 12 10 * * *
5100 2 1 12 24 23 30 302
5100 2 2 12 24 23 35 602
5100 2 3 12 24 23 45 302
5100 2 4 12 24 23 50 302
5100 2 3 12 24 23 55 302
5100 2 3 12 25 * * *
5100 2 2 12 26 0 0 6002
5100 2 1 12 26 1 0 6002
5100 2 1 12 30 23 30 302
5100 2 2 12 30 23 35 602
5100 2 3 12 30 23 45 302
5100 2 4 12 30 23 50 302
5100 2 3 12 30 23 55 302
5100 2 3 12 31 * * *
5100 2 3 1 1 * * *
5100 2 3 1 2 * * *
5100 2 3 1 3 * * *
5100 2 2 1 4 0 0 6002
5100 2 1 1 4 1 0 6002
5100 2 1 2 13 23 30 190
5100 2 2 2 14 * * *
5100 2 2 2 15 * * *

#セーム
400 2 1 12 10 * * *
400 2 1 12 24 23 30 302
400 2 2 12 24 23 35 602
400 2 3 12 24 23 45 302
400 2 4 12 24 23 50 302
400 2 3 12 24 23 55 302
400 2 3 12 25 * * *
400 2 2 12 26 0 0 6002
400 2 1 12 26 1 0 6002
400 2 1 12 30 23 30 302
400 2 2 12 30 23 35 602
400 2 3 12 30 23 45 302
400 2 4 12 30 23 50 302
400 2 3 12 30 23 55 302
400 2 3 12 31 * * *
400 2 3 1 1 * * *
400 2 3 1 2 * * *
400 2 3 1 3 * * *
400 2 2 1 4 0 0 6002
400 2 1 1 4 1 0 6002
400 2 1 2 13 23 30 190
400 2 2 2 14 * * *
400 2 2 2 15 * * *

#キヌイ
6000 2 1 12 10 * * *
6000 2 1 12 24 23 30 302
6000 2 2 12 24 23 35 602
6000 2 3 12 24 23 45 302
6000 2 4 12 24 23 50 302
6000 2 3 12 24 23 55 302
6000 2 3 12 25 * * *
6000 2 2 12 26 0 0 6002
6000 2 1 12 26 1 0 6002
6000 2 1 12 30 23 30 302
6000 2 2 12 30 23 35 602
6000 2 3 12 30 23 45 302
6000 2 4 12 30 23 50 302
6000 2 3 12 30 23 55 302
6000 2 3 12 31 * * *
6000 2 3 1 1 * * *
6000 2 3 1 2 * * *
6000 2 3 1 3 * * *
6000 2 2 1 4 0 0 6002
6000 2 1 1 4 1 0 6002
6000 2 1 2 13 23 30 190
6000 2 2 2 14 * * *
6000 2 2 2 15 * * *


############################################
############################################

####################雨降り#####################################
#サイナス(100)
100 1 1 6 2 23 30 190
100 1 2 6 3 * * *
100 1 2 6 4 * * *
100 1 2 6 21 * * *
100 1 2 7 2 * * *
100 1 2 7 18 * * *
100 1 1 8 5 * * *
100 1 2 8 6 * * *
100 1 3 9 5 * * *
100 1 4 9 6 * * *
100 1 2 9 7 * * *

#サムギル(1000)
1000 1 1 6 2 23 30 190
1000 1 2 6 3 * * *
1000 1 2 6 4 * * *
1000 1 2 6 21 * * *
1000 1 2 7 2 * * *
1000 1 2 7 18 * * *
1000 1 1 8 5 * * *
1000 1 2 8 6 * * *
1000 1 3 9 5 * * *
1000 1 4 9 6 * * *
1000 1 2 9 7 * * *

#クオ(1100)
1100 1 1 6 2 23 30 190
1100 1 2 6 3 * * *
1100 1 2 6 4 * * *
1100 1 2 6 21 * * *
1100 1 2 7 2 * * *
1100 1 2 7 18 * * *
1100 1 1 8 5 * * *
1100 1 2 8 6 * * *
1100 1 3 9 5 * * *
1100 1 4 9 6 * * *
1100 1 2 9 7 * * *

#ホトル(1300)
1300 1 1 6 2 23 30 190
1300 1 2 6 3 * * *
1300 1 2 6 4 * * *
1300 1 2 6 21 * * *
1300 1 2 7 2 * * *
1300 1 2 7 18 * * *
1300 1 1 8 5 * * *
1300 1 2 8 6 * * *
1300 1 3 9 5 * * *
1300 1 4 9 6 * * *
1300 1 2 9 7 * * *

#カタン(1400)
1400 1 1 6 2 23 30 190
1400 1 2 6 3 * * *
1400 1 2 6 4 * * *
1400 1 2 6 21 * * *
1400 1 2 7 2 * * *
1400 1 2 7 18 * * *
1400 1 1 8 5 * * *
1400 1 2 8 6 * * *
1400 1 3 9 5 * * *
1400 1 4 9 6 * * *
1400 1 2 9 7 * * *

#マリナス(2000)
2000 1 1 6 2 23 30 190
2000 1 2 6 3 * * *
2000 1 2 6 4 * * *
2000 1 2 6 21 * * *
2000 1 2 7 2 * * *
2000 1 2 7 18 * * *
2000 1 1 8 5 * * *
2000 1 2 8 6 * * *
2000 1 3 9 5 * * *
2000 1 4 9 6 * * *
2000 1 2 9 7 * * *

#ＳＢＣ本部(10920)
10920 1 1 6 2 23 30 190
10920 1 2 6 3 * * *
10920 1 2 6 4 * * *
10920 1 2 6 21 * * *
10920 1 2 7 2 * * *
10920 1 2 7 18 * * *
10920 1 1 8 5 * * *
10920 1 2 8 6 * * *
10920 1 3 9 5 * * *
10920 1 4 9 6 * * *
10920 1 2 9 7 * * *


#ジャルガ(200)
200 1 1 6 2 23 30 190
200 1 2 6 3 * * *
200 1 2 6 4 * * *
200 1 2 6 21 * * *
200 1 2 7 2 * * *
200 1 2 7 18 * * *
200 1 1 8 5 * * *
200 1 2 8 6 * * *
200 1 3 9 5 * * *
200 1 4 9 6 * * *
200 1 2 9 7 * * *
200 1 2 10 22 * * *
200 1 2 11 19 * * *


#ジャジャ(3000)
3000 1 1 6 2 23 30 190
3000 1 2 6 3 * * *
3000 1 2 6 4 * * *
3000 1 2 6 21 * * *
3000 1 2 7 2 * * *
3000 1 2 7 18 * * *
3000 1 1 8 5 * * *
3000 1 2 8 6 * * *
3000 1 3 9 5 * * *
3000 1 4 9 6 * * *
3000 1 2 9 7 * * *
3000 1 2 10 22 * * *
3000 1 2 11 19 * * *

#タムタム(3100)
3100 1 1 6 2 23 30 190
3100 1 2 6 3 * * *
3100 1 2 6 4 * * *
3100 1 2 6 21 * * *
3100 1 2 7 2 * * *
3100 1 2 7 18 * * *
3100 1 1 8 5 * * *
3100 1 2 8 6 * * *
3100 1 3 9 5 * * *
3100 1 4 9 6 * * *
3100 1 2 9 7 * * *
3100 1 2 10 22 * * *
3100 1 2 11 19 * * *

#トト(3200)
3200 1 1 6 2 23 30 190
3200 1 2 6 3 * * *
3200 1 2 6 4 * * *
3200 1 2 6 21 * * *
3200 1 2 7 2 * * *
3200 1 2 7 18 * * *
3200 1 1 8 5 * * *
3200 1 2 8 6 * * *
3200 1 3 9 5 * * *
3200 1 4 9 6 * * *
3200 1 2 9 7 * * *
3200 1 2 10 22 * * *
3200 1 2 11 19 * * *

#ウルリ(3300)
3300 1 1 6 2 23 30 190
3300 1 2 6 3 * * *
3300 1 2 6 4 * * *
3300 1 2 6 21 * * *
3300 1 2 7 2 * * *
3300 1 2 7 18 * * *
3300 1 1 8 5 * * *
3300 1 2 8 6 * * *
3300 1 3 9 5 * * *
3300 1 4 9 6 * * *
3300 1 2 9 7 * * *
3300 1 2 10 22 * * *
3300 1 2 11 19 * * *

#キクク(3400)
3400 1 1 6 2 23 30 190
3400 1 2 6 3 * * *
3400 1 2 6 4 * * *
3400 1 2 6 21 * * *
3400 1 2 7 2 * * *
3400 1 2 7 18 * * *
3400 1 1 8 5 * * *
3400 1 2 8 6 * * *
3400 1 3 9 5 * * *
3400 1 4 9 6 * * *
3400 1 2 9 7 * * *
3400 1 2 10 22 * * *
3400 1 2 11 19 * * *

#カルターナ(4000)
4000 1 1 6 2 23 30 190
4000 1 2 6 3 * * *
4000 1 2 6 4 * * *
4000 1 2 6 21 * * *
4000 1 2 7 2 * * *
4000 1 2 7 18 * * *
4000 1 1 8 5 * * *
4000 1 2 8 6 * * *
4000 1 3 9 5 * * *
4000 1 4 9 6 * * *
4000 1 2 9 7 * * *
4000 1 2 10 22 * * *
4000 1 2 11 19 * * *

#タムタムの山頂(20105)
20105 1 1 6 2 23 30 190
20105 1 2 6 3 * * *
20105 1 2 6 4 * * *
20105 1 2 6 21 * * *
20105 1 2 7 2 * * *
20105 1 2 7 18 * * *
20105 1 1 8 5 * * *
20105 1 2 8 6 * * *
20105 1 3 9 5 * * *
20105 1 4 9 6 * * *
20105 1 2 9 7 * * *
20105 1 2 10 22 * * *
20105 1 2 11 19 * * *

#ゴヤ山の山頂(20406)
20406 1 1 6 2 23 30 190
20406 1 2 6 3 * * *
20406 1 2 6 4 * * *
20406 1 2 6 21 * * *
20406 1 2 7 2 * * *
20406 1 2 7 18 * * *
20406 1 1 8 5 * * *
20406 1 2 8 6 * * *
20406 1 3 9 5 * * *
20406 1 4 9 6 * * *
20406 1 2 9 7 * * *
20406 1 2 10 22 * * *
20406 1 2 11 19 * * *

#ラトラ山の頂上(20309)
20309 1 1 6 2 23 30 190
20309 1 2 6 3 * * *
20309 1 2 6 4 * * *
20309 1 2 6 21 * * *
20309 1 2 7 2 * * *
20309 1 2 7 18 * * *
20309 1 1 8 5 * * *
20309 1 2 8 6 * * *
20309 1 3 9 5 * * *
20309 1 4 9 6 * * *
20309 1 2 9 7 * * *
20309 1 2 10 22 * * *
20309 1 2 11 19 * * *

#ギール(300)
300 1 1 6 2 23 30 190
300 1 2 6 3 * * *
300 1 2 6 4 * * *
300 1 2 6 21 * * *
300 1 2 7 2 * * *
300 1 2 7 18 * * *
300 1 1 8 5 * * *
300 1 2 8 6 * * *
300 1 3 9 5 * * *
300 1 4 9 6 * * *
300 1 2 9 7 * * *

#フルード(5000)
5000 1 1 6 2 23 30 190
5000 1 2 6 3 * * *
5000 1 2 6 4 * * *
5000 1 2 6 21 * * *
5000 1 2 7 2 * * *
5000 1 2 7 18 * * *
5000 1 1 8 5 * * *
5000 1 2 8 6 * * *
5000 1 3 9 5 * * *
5000 1 4 9 6 * * *
5000 1 2 9 7 * * *

#ダナ(5100)
5100 1 1 6 2 23 30 190
5100 1 2 6 3 * * *
5100 1 2 6 4 * * *
5100 1 2 6 21 * * *
5100 1 2 7 2 * * *
5100 1 2 7 18 * * *
5100 1 1 8 5 * * *
5100 1 2 8 6 * * *
5100 1 3 9 5 * * *
5100 1 4 9 6 * * *
5100 1 2 9 7 * * *

#セーム(400)
400 1 1 6 2 23 30 190
400 1 2 6 3 * * *
400 1 2 6 4 * * *
400 1 2 6 21 * * *
400 1 2 7 2 * * *
400 1 2 7 18 * * *
400 1 1 8 5 * * *
400 1 2 8 6 * * *
400 1 3 9 5 * * *
400 1 4 9 6 * * *
400 1 2 9 7 * * *

#キヌイ(6000)
6000 1 1 6 2 23 30 190
6000 1 2 6 3 * * *
6000 1 2 6 4 * * *
6000 1 2 6 21 * * *
6000 1 2 7 2 * * *
6000 1 2 7 18 * * *
6000 1 1 8 5 * * *
6000 1 2 8 6 * * *
6000 1 3 9 5 * * *
6000 1 4 9 6 * * *
6000 1 2 9 7 * * *



############################################

#LostSea
999 2 1 12 10 * * *
999 2 1 12 24 23 30 302
999 2 2 12 24 23 35 602
999 2 3 12 24 23 45 302
999 2 4 12 24 23 50 302
999 2 3 12 24 23 55 302
999 2 3 12 25 * * *
999 2 2 12 26 0 0 6002
999 2 1 12 26 1 0 6002
999 2 1 12 30 23 30 302
999 2 2 12 30 23 35 602
999 2 3 12 30 23 45 302
999 2 4 12 30 23 50 302
999 2 3 12 30 23 55 302
999 2 3 12 31 * * *
999 2 3 1 1 * * *
999 2 3 1 2 * * *
999 2 3 1 3 * * *
999 2 2 1 4 0 0 6002
999 2 1 1 4 1 0 6002
999 2 1 2 13 23 30 190
999 2 2 2 14 * * *
999 2 2 2 15 * * *


