21,100,582,399,783,560,1,5,2,40,88,91,89,92,1230,,,,,,50,50,10,10,100,,,,,,,,
22,100,591,552,685,695,1,5,3,20,88,91,89,92,94,1230,,,,,30,30,30,30,10,100,,,,,,,
23,100,423,552,594,788,1,5,5,30,90,93,94,1230,,,,,,,30,30,30,100,,,,,,,,,
24,100,541,375,592,554,1,5,4,20,89,92,96,99,95,98,1230,,,,30,30,40,40,5,5,100,,,,,,
25,100,479,355,541,557,1,5,5,30,90,93,97,100,1230,,,,,,20,20,20,20,100,,,,,,,,
26,100,425,387,480,554,1,5,6,40,97,100,101,,,,,,,,20,20,10,,,,,,,,,,
27,100,403,316,526,391,1,5,5,20,90,93,97,100,,,,,,,30,30,30,30,,,,,,,,,
28,100,11,567,155,707,1,5,2,20,104,107,110,113,,,,,,,30,30,10,10,,,,,,,,,
29,100,208,524,308,682,1,5,5,20,89,108,111,114,,,,,,,30,30,10,10,,,,,,,,,
30,100,63,392,308,524,1,5,8,20,105,108,89,114,,,,,,,30,30,20,20,,,,,,,,,
31,100,308,524,426,691,1,5,5,30,106,109,111,114,,,,,,,30,30,5,5,,,,,,,,,
32,100,128,315,202,392,1,5,10,30,115,112,116,,,,,,,,30,30,30,50,80,,,,,,,,
33,100,308,387,426,524,1,5,10,40,117,115,112,,,,,,,,30,30,30,,,,,,,,,,
34,100,444,299,494,315,1,5,10,40,90,93,97,100,,,,,,,1,1,1,1,,,,,,,,,
36,100,1,1,799,799,0,0,1,1,,,,,,,,,,,,,,,,,,,,,,,
37,100,365,440,416,486,1,6,8,60,118,119,176,177,117,179,180,101,178,181,1,3,3,3,3,3,3,3,3,3,,,
38,100,547,115,699,241,1,5,3,100,122,126,129,120,124,159,163,167,164,,20,20,20,1,1,20,20,20,1,,,,
39,100,547,241,679,331,1,5,4,100,122,126,129,158,162,166,793,,,,1,1,1,1,1,1,6,,,,,,
40,100,539,297,587,374,1,5,5,500,122,126,129,,,,,,,,4,4,4,,,,,,,,,,
41,100,587,331,630,343,1,5,3,110,122,126,129,158,162,166,,,,,20,20,20,,,,,,,,,,
42,100,532,332,595,361,1,5,5,110,122,126,129,158,162,166,,,,,20,20,20,,,,,,,,,,
43,100,524,325,546,346,1,5,2,120,122,126,129,158,162,166,,,,,20,20,20,,,,,,,,,,
44,100,504,298,547,325,1,5,3,100,132,136,140,,,,,,,,20,20,20,,,,,,,,,,
45,100,434,237,547,298,1,5,3,100,132,136,140,121,125,128,157,161,165,,20,20,20,20,20,20,20,20,20,,,,
46,100,434,176,547,237,1,5,5,100,133,137,141,158,162,166,205,127,129,794,1,1,1,1,1,1,1,1,1,9,,,
47,100,434,115,547,176,1,5,5,100,134,139,142,131,135,794,,,,,10,10,10,1,1,30,,,,,,,
48,100,180,25,434,120,1,5,5,100,146,150,153,,,,,,,,30,30,30,,,,,,,,,,
49,100,180,120,315,200,1,5,5,100,146,150,153,143,147,,,,,,30,30,30,1,1,,,,,,,,
50,100,315,120,434,200,1,5,4,100,145,149,152,,,,,,,,30,30,30,,,,,,,,,,
51,100,180,200,360,282,1,5,3,100,144,148,151,792,1315,1316,,,,,15,15,15,60,50,80,,,,,,,
52,100,360,200,433,314,1,5,3,100,144,148,151,792,,,,,,,15,15,15,75,,,,,,,,,
54,100,556,345,621,393,1,5,10,50,169,170,,,,,,,,,1,1,,,,,,,,,,,
55,100,614,393,621,403,1,5,10,50,169,170,,,,,,,,,1,1,,,,,,,,,,,
56,100,621,341,645,412,1,5,10,50,169,170,711,,,,,,,,6,6,4,,,,,,,,,,
57,100,633,329,662,403,1,5,10,50,169,170,,,,,,,,,1,1,,,,,,,,,,,
58,100,273,282,353,366,1,5,10,50,171,172,173,174,175,791,,,,,1,5,5,5,5,20,,,,,,,
59,1000,1,1,159,159,0,0,5,1,,,,,,,,,,,,,,,,,,,,,,,
60,1100,1,1,129,149,0,0,5,1,,,,,,,,,,,,,,,,,,,,,,,
61,2000,1,1,149,149,0,0,5,1,,,,,,,,,,,,,,,,,,,,,,,
62,1300,1,1,99,99,0,0,5,1,,,,,,,,,,,,,,,,,,,,,,,
63,1400,1,1,149,149,0,0,5,1,,,,,,,,,,,,,,,,,,,,,,,
64,100,11,524,208,708,1,5,5,10,105,108,111,114,116,,,,,,30,30,20,20,10,,,,,,,,
65,100,568,538,610,578,1,5,4,30,89,92,94,,,,,,,,1,1,1,,,,,,,,,,
66,100,432,236,546,315,1,5,3,5,132,136,140,121,125,128,157,161,165,,20,20,20,20,20,20,20,20,20,,,,
67,100,433,306,446,315,1,5,3,20,88,91,89,92,94,,,,,,30,30,30,30,10,,,,,,,,
68,100,433,310,499,315,1,5,3,20,88,91,89,92,94,,,,,,30,30,30,30,10,,,,,,,,
70,100,520,323,538,338,1,5,2,120,122,126,129,158,162,166,127,,,,20,20,20,20,20,20,20,,,,,,
72,10001,1,1,49,49,1,7,5,1,183,188,192,,,,,,,,20,20,20,,,,,,,,,,
73,10002,1,1,49,49,1,7,6,1,184,188,193,,,,,,,,20,20,20,,,,,,,,,,
74,10003,1,1,27,32,1,7,7,10,196,200,197,201,203,,,,,,1,1,10,20,15,,,,,,,,
75,10003,1,1,49,49,1,7,8,1,185,190,194,,,,,,,,20,20,20,,,,,,,,,,
76,10004,1,1,49,49,1,7,8,1,197,201,203,,,,,,,,10,20,15,,,,,,,,,,
77,10005,1,1,49,49,1,7,10,1,198,202,204,,,,,,,,10,20,15,,,,,,,,,,
78,10006,1,1,49,99,1,7,10,1,1447,191,195,797,,,,,,,10,10,10,30,,,,,,,,,
79,10101,1,1,49,49,1,7,3,1,206,209,210,213,216,,,,,,15,1,10,10,1,,,,,,,,
80,10102,1,1,49,49,1,7,4,1,207,211,214,,,,,,,,10,5,10,,,,,,,,,,
81,10103,1,1,49,49,1,7,5,1,208,212,215,,,,,,,,10,10,10,,,,,,,,,,
82,1200,1,1,129,129,0,0,5,1,,,,,,,,,,,,,,,,,,,,,,,
83,10007,1,1,59,59,0,0,5,1,,,,,,,,,,,,,,,,,,,,,,,
86,997,1,1,200,200,0,1,1,1,107,,,,,,,,,,1,,,,,,,,,,,,
87,200,550,282,652,403,1,5,2,1,226,229,227,230,232,799,,,,,10,10,5,5,5,45,,,,,,,
88,200,516,238,772,452,1,5,4,1,228,231,233,414,,,,,,,1,1,1,3,,,,,,,,,
89,200,384,42,605,238,1,5,8,1,228,231,233,235,,,,,,,10,10,10,1,,,,,,,,,
90,200,384,42,605,238,1,5,8,1,236,238,228,231,233,237,,,,,10,10,1,1,5,1,,,,,,,
91,200,384,238,516,415,1,5,8,1,236,238,228,231,233,234,,,,,10,10,5,5,5,1,,,,,,,
92,200,384,415,516,528,1,6,8,1,236,238,239,,,,,,,,10,10,10,,,,,,,,,,
93,200,467,156,506,197,2,6,8,2,236,238,239,,,,,,,,10,10,5,,,,,,,,,,
94,200,441,123,177,480,2,6,10,2,239,238,236,,,,,,,,10,5,5,,,,,,,,,,
95,200,262,565,333,686,1,5,2,5,240,243,246,241,244,,,,,,10,10,3,5,5,,,,,,,,
96,200,95,499,304,565,1,5,3,5,242,245,247,255,,,,,,,10,10,10,5,,,,,,,,,
97,200,30,327,251,502,1,5,6,5,256,258,,,,,,,,,1,1,,,,,,,,,,,
98,200,333,565,401,666,1,7,5,5,242,245,247,255,,,,,,,10,10,10,5,,,,,,,,,
99,200,304,494,401,565,1,7,5,5,242,245,247,255,,,,,,,10,10,10,5,,,,,,,,,
100,200,401,506,433,617,1,7,5,5,242,245,247,255,,,,,,,10,10,10,5,,,,,,,,,
101,200,401,506,433,617,1,7,5,5,242,245,247,255,,,,,,,10,10,10,5,,,,,,,,,
102,200,430,526,439,544,1,7,5,5,242,245,247,255,,,,,,,10,10,10,5,,,,,,,,,
103,200,231,248,314,327,1,5,6,5,256,258,,,,,,,,,1,1,,,,,,,,,,,
104,200,314,278,320,296,1,5,6,5,256,258,,,,,,,,,1,1,,,,,,,,,,,
105,200,320,287,326,296,1,5,6,5,256,258,,,,,,,,,1,1,,,,,,,,,,,
106,200,422,325,428,359,1,5,8,5,259,256,,,,,,,,,1,1,,,,,,,,,,,
107,200,402,320,414,327,1,5,8,5,259,256,,,,,,,,,1,1,,,,,,,,,,,
108,200,384,314,402,327,1,5,8,5,259,256,,,,,,,,,1,1,,,,,,,,,,,
109,200,367,305,384,327,1,5,8,5,259,256,,,,,,,,,1,1,,,,,,,,,,,
110,200,410,367,417,377,1,5,8,5,259,256,,,,,,,,,1,1,,,,,,,,,,,
111,200,407,367,410,393,1,5,8,5,259,256,,,,,,,,,1,1,,,,,,,,,,,
112,200,407,325,422,367,1,5,8,5,259,256,,,,,,,,,1,1,,,,,,,,,,,
113,200,332,327,407,446,1,5,8,5,259,256,,,,,,,,,1,1,,,,,,,,,,,
114,200,251,446,396,499,1,5,6,5,256,258,255,257,,,,,,,10,10,10,1,,,,,,,,,
115,200,251,327,332,446,1,5,6,5,258,256,254,247,245,242,,,,,10,10,1,10,5,5,,,,,,,
116,200,91,564,250,671,1,7,8,10,249,712,,,,,,,,,9,1,,,,,,,,,,,
117,200,194,551,250,577,1,5,6,15,248,,,,,,,,,,1,,,,,,,,,,,,
118,200,91,557,158,572,1,5,6,15,249,,,,,,,,,,1,,,,,,,,,,,,
119,200,314,296,367,327,1,7,5,5,242,245,247,255,,,,,,,10,10,10,5,,,,,,,,,
120,3000,1,1,149,149,0,0,5,1,,,,,,,,,,,,,,,,,,,,,,,
121,4000,1,1,149,149,0,0,5,1,,,,,,,,,,,50,40,30,20,30,,,,,,,,
122,3100,1,1,119,119,0,0,5,1,,,,,,,,,,,,,,,,,,,,,,,
123,3200,1,1,119,119,0,0,5,1,,,,,,,,,,,,,,,,,,,,,,,
124,3300,1,1,119,119,0,0,5,1,,,,,,,,,,,,,,,,,,,,,,,
125,3400,1,1,119,119,0,0,5,1,,,,,,,,,,,,,,,,,,,,,,,
126,200,500,402,513,458,1,5,5,50,283,287,290,,,,,,,,10,20,15,,,,,,,,,,
127,200,497,409,517,444,1,5,5,50,283,287,290,,,,,,,,10,20,15,,,,,,,,,,
128,200,515,428,527,435,1,5,5,50,283,287,290,,,,,,,,10,20,15,,,,,,,,,,
129,200,515,416,522,428,1,5,5,50,283,287,290,,,,,,,,10,20,15,,,,,,,,,,
130,200,513,435,520,444,1,5,5,50,283,287,290,,,,,,,,10,20,15,,,,,,,,,,
131,200,513,444,520,458,1,5,5,50,283,287,290,,,,,,,,10,20,15,,,,,,,,,,
132,200,503,455,527,488,1,5,5,50,283,287,290,,,,,,,,10,20,15,,,,,,,,,,
133,200,503,462,619,618,1,5,6,50,261,265,283,287,290,,,,,,1,1,10,10,10,,,,,,,,
134,200,486,498,496,512,1,5,6,50,261,265,283,287,290,,,,,,1,1,10,10,10,,,,,,,,
135,200,471,506,493,514,1,5,6,50,261,265,283,287,290,,,,,,1,1,10,10,10,,,,,,,,
136,200,466,513,507,618,1,5,6,50,261,265,283,287,290,,,,,,1,1,10,10,10,,,,,,,,
137,200,481,616,695,807,1,5,6,60,284,288,291,265,276,279,811,,,,10,10,10,5,5,5,45,,,,,,
138,200,602,616,695,722,1,5,8,70,288,284,291,287,283,290,286,282,393,,5,5,5,5,5,5,1,1,10,,,,
139,200,451,694,493,922,1,5,6,70,261,265,268,284,288,291,,,,,10,10,10,5,5,5,,,,,,,
140,200,77,806,553,1068,1,5,6,30,287,283,284,288,291,261,265,268,803,801,2,2,5,5,5,5,5,5,35,40,,,
141,200,365,805,452,932,1,6,6,50,261,265,268,284,288,291,,,,,10,10,10,5,5,5,,,,,,,
142,200,339,844,365,944,1,6,6,50,261,265,268,284,288,291,,,,,10,10,10,5,5,5,,,,,,,
143,200,238,859,340,982,1,6,7,50,262,266,269,285,289,292,272,276,394,,20,20,20,10,10,10,1,1,10,,,,
144,200,155,900,237,964,1,7,8,50,263,267,270,272,276,279,,,,,10,10,10,5,5,5,,,,,,,
145,200,212,964,237,999,1,7,8,50,263,267,270,272,276,279,,,,,10,10,10,5,5,5,,,,,,,
146,200,63,1067,112,1168,1,5,10,50,261,265,268,260,264,,,,,,20,20,20,1,1,,,,,,,,
147,200,346,667,360,743,1,5,8,200,273,277,280,289,285,292,263,267,270,275,20,20,20,5,5,5,5,5,5,1,,,
148,200,360,667,365,735,1,5,8,200,273,277,280,289,285,292,263,267,270,,20,20,20,5,5,5,5,5,5,,,,
149,200,365,667,372,713,1,5,8,200,273,277,280,289,285,292,263,267,270,,20,20,20,5,5,5,5,5,5,,,,
150,200,419,619,485,644,1,5,8,200,273,277,280,289,285,292,263,267,270,271,20,20,20,5,5,5,5,5,5,1,,,
151,200,372,639,473,713,1,5,8,200,273,277,280,289,285,292,263,267,270,,20,20,20,5,5,5,5,5,5,,,,
152,200,244,687,332,814,1,5,10,200,281,278,274,270,263,267,,,,,20,20,20,5,5,5,,,,,,,
153,200,226,745,244,790,1,5,10,200,281,278,274,270,263,267,,,,,20,20,20,5,5,5,,,,,,,
154,200,230,790,244,796,1,5,10,200,281,278,274,270,263,267,,,,,20,20,20,5,5,5,,,,,,,
155,200,236,796,244,803,1,5,10,200,281,278,274,270,263,267,,,,,20,20,20,5,5,5,,,,,,,
156,200,250,814,327,819,1,5,10,200,281,278,274,270,263,267,,,,,20,20,20,5,5,5,,,,,,,
157,200,284,819,320,830,1,5,10,200,281,278,274,270,263,267,,,,,20,20,20,5,5,5,,,,,,,
158,200,320,819,324,825,1,5,10,200,281,278,274,270,263,267,,,,,20,20,20,5,5,5,,,,,,,
159,200,270,819,284,826,1,5,10,200,281,278,274,270,263,267,,,,,20,20,20,5,5,5,,,,,,,
160,200,332,750,339,805,1,5,10,200,281,278,274,270,263,267,,,,,20,20,20,5,5,5,,,,,,,
161,200,339,741,345,775,1,5,10,200,281,278,274,270,263,267,,,,,20,20,20,5,5,5,,,,,,,
162,200,345,744,352,761,1,5,10,200,281,278,274,270,263,267,,,,,20,20,20,5,5,5,,,,,,,
163,200,150,750,226,806,1,5,5,50,293,296,299,,,,,,,,10,10,10,,,,,,,,,,
164,200,39,656,150,804,1,7,8,100,294,297,300,314,808,,,,,,20,20,20,1,65,,,,,,,,
165,200,151,673,243,749,1,7,8,100,294,297,300,316,,,,,,,10,10,10,1,,,,,,,,,
166,200,40,666,94,719,2,7,10,150,315,294,297,300,,,,,,,1,10,10,10,,,,,,,,,
167,200,311,211,441,345,1,5,5,3,309,308,307,800,,,,,,,8,8,5,25,,,,,,,,,
168,200,340,170,410,211,1,5,5,3,309,308,306,,,,,,,,10,10,1,,,,,,,,,,
169,200,410,192,422,211,1,5,5,3,309,308,,,,,,,,,1,1,,,,,,,,,,,
170,200,422,203,430,211,1,5,5,3,309,308,,,,,,,,,1,1,,,,,,,,,,,
171,200,441,257,466,324,1,5,5,3,309,308,,,,,,,,,1,1,,,,,,,,,,,
172,200,441,324,454,338,1,5,5,3,309,308,,,,,,,,,1,1,,,,,,,,,,,
173,200,454,324,461,334,1,5,5,3,309,308,,,,,,,,,1,1,,,,,,,,,,,
174,200,441,226,451,257,1,5,5,3,309,308,,,,,,,,,1,1,,,,,,,,,,,
175,200,451,236,458,257,1,5,5,3,309,308,,,,,,,,,1,1,,,,,,,,,,,
176,200,456,253,461,261,1,5,5,3,309,308,,,,,,,,,1,1,,,,,,,,,,,
177,200,189,787,205,875,1,5,10,100,273,277,280,272,276,279,,,,,10,10,10,5,5,5,,,20,,,,
178,200,205,780,213,864,1,5,10,100,273,277,280,272,276,279,,,,,10,10,10,5,5,5,,,,,,,
179,200,213,783,219,847,1,5,10,100,273,277,280,272,276,279,,,,,10,10,10,5,5,5,,,,,,,
180,200,219,783,232,841,1,5,10,100,273,277,280,272,276,279,,,,,10,10,10,5,5,5,,,,,,,
181,200,232,800,243,836,1,5,10,100,273,277,280,272,276,279,,,,,10,10,10,5,5,5,,,,,,,
182,200,243,815,249,826,1,5,10,100,273,277,280,272,276,279,,,,,10,10,10,5,5,5,,,,,,,
183,200,167,791,189,869,1,5,10,100,273,277,280,272,276,279,,,,,10,10,10,5,5,5,,,,,,,
184,200,150,805,167,869,1,5,10,100,273,277,280,272,276,279,,,,,10,10,10,5,5,5,,,,,,,
185,200,94,805,150,875,1,5,10,100,273,277,280,272,276,279,,,,,10,10,10,5,5,5,,,,,,,
186,200,590,438,617,479,1,6,10,90,302,303,304,305,,,,,,,1,1,1,1,,,,,,,,,
187,200,594,453,661,514,1,6,10,500,302,303,304,305,1131,,,,,,3,3,3,3,1,,,,,,,,
188,200,588,507,598,519,1,6,10,90,302,303,304,305,,,,,,,1,1,1,1,,,,,,,,,
189,200,521,435,527,454,1,6,10,100,310,311,312,313,,,,,,,1,1,1,1,,,,,,,,,
190,200,527,425,568,475,1,6,10,100,310,311,312,313,,,,,,,1,1,1,1,,,,,,,,,
191,200,532,475,561,484,1,6,10,100,310,311,312,313,,,,,,,1,1,1,1,,,,,,,,,
192,200,548,400,565,480,1,6,10,100,310,311,312,313,,,,,,,1,1,1,1,,,,,,,,,
193,200,523,416,617,427,1,6,10,100,310,311,312,313,,,,,,,1,1,1,1,,,,,,,,,
194,200,540,409,619,416,1,6,10,100,310,311,312,313,,,,,,,1,1,1,1,,,,,,,,,
195,200,600,383,626,406,1,6,10,100,310,311,312,313,,,,,,,1,1,1,1,,,,,,,,,
196,200,561,402,623,409,1,6,10,100,310,311,312,313,,,,,,,1,1,1,1,,,,,,,,,
197,200,582,392,591,404,1,6,10,100,310,311,312,313,,,,,,,1,1,1,1,,,,,,,,,
198,200,591,387,600,406,1,6,10,100,310,311,312,313,,,,,,,1,1,1,1,,,,,,,,,
199,200,588,425,616,441,1,6,10,100,310,311,312,313,,,,,,,1,1,1,1,,,,,,,,,
200,200,568,423,577,467,1,6,10,100,310,311,312,313,,,,,,,1,1,1,1,,,,,,,,,
201,200,575,421,590,460,1,6,10,100,310,311,312,313,,,,,,,1,1,1,1,,,,,,,,,
202,200,582,438,595,448,1,6,10,100,310,311,312,313,,,,,,,1,1,1,1,,,,,,,,,
203,10201,0,0,39,59,1,7,10,1,318,320,321,,,,,,,,20,10,10,,,,,,,,,,
204,10202,0,0,39,59,1,7,8,1,318,320,321,1017,,,,,,,1,1,1,5,,,,,,,,,
205,10203,0,0,39,59,1,7,10,1,320,318,321,806,,,,,,,20,10,10,45,,,,,,,,,
206,10203,6,27,18,36,1,7,10,10,320,318,321,319,,,,,,,20,10,10,1,,,,,,,,,
207,10201,18,27,31,41,1,7,10,10,318,320,321,317,,,,,,,20,10,10,1,,,,,,,,,
208,10204,0,0,199,50,1,5,5,1,322,323,324,325,326,,,,,,1,1,1,1,1,,,,,,,,
209,20301,0,0,299,149,1,7,8,1,329,,,,,,,,,,1,,,,,,,,,,,,
210,20301,140,10,210,140,1,8,8,10,329,332,331,328,330,,,,,,20,10,5,1,1,,,,,,,,
211,20101,0,0,49,69,1,7,3,1,334,337,339,,,,,,,,20,10,10,,,,,,,,,,
212,20102,0,0,39,69,1,7,4,1,335,337,339,333,802,,,,,,20,10,10,1,40,,,,,,,,
213,20103,0,0,49,49,1,7,5,1,337,334,339,,,,,,,,20,10,10,,,,,,,,,,
214,20104,0,0,39,39,1,7,6,1,338,334,340,336,804,,,,,,20,10,10,1,40,,,,,,,,
215,20105,0,0,49,69,0,0,5,1,,,,,,,,,,,,,,,,,,,,,,,
216,20401,0,0,49,49,1,7,3,1,342,346,,,,,,,,,30,10,,,,,,,,,,,
217,20402,0,0,49,49,1,7,4,1,343,346,,,,,,,,,20,10,,,,,,,,,,,
218,20403,0,0,49,49,1,7,5,1,343,347,,,,,,,,,20,20,,,,,,,,,,,
219,20404,0,0,49,49,1,7,5,1,347,344,341,,,,,,,,30,10,1,,,,,,,,,,
220,20405,0,0,49,49,1,7,5,1,348,344,345,,,,,,,,30,10,1,,,,,,,,,,
221,20406,0,0,49,69,0,0,5,1,,,,,,,,,,,,,,,,,,,,,,,
222,200,371,866,450,926,1,5,5,300,349,261,265,268,284,288,291,,,,1,2,2,2,2,2,2,,,,,,
223,100,363,122,430,198,1,5,4,500,145,149,152,350,,,,,,,5,5,5,1,,,,,,,,,
224,100,363,202,430,252,1,5,3,500,144,148,151,350,,,,,,,5,5,5,1,,,,,,,,,
225,11101,0,0,69,69,1,3,5,1,351,352,353,431,,,,,,,1,1,5,1,,,,,,,,,
226,11102,0,0,49,49,1,3,5,1,351,352,353,431,,,,,,,1,5,1,1,,,,,,,,,
227,11103,0,0,49,49,1,3,5,1,351,352,353,431,,,,,,,5,1,1,1,,,,,,,,,
228,11104,0,0,49,49,1,3,5,1,354,355,356,431,,,,,,,1,1,1,1,,,,,,,,,
229,11105,0,0,49,49,1,3,5,1,354,355,356,431,,,,,,,1,1,1,1,,,,,,,,,
230,11106,0,0,49,49,1,3,5,1,357,358,359,431,,,,,,,1,1,1,1,,,,,,,,,
231,11107,0,0,49,49,0,0,5,1,,,,,,,,,,,,,,,,,,,,,,,
232,11001,0,0,49,49,1,7,3,1,361,364,,,,,,,,,20,10,,,,,,,,,,,
233,11002,0,0,49,49,1,7,4,1,361,364,,,,,,,,,10,20,,,,,,,,,,,
234,11003,0,0,49,49,1,7,6,1,361,362,364,366,360,,,,,,20,20,10,20,1,,,,,,,,
235,11004,0,0,49,49,1,7,8,1,1448,1445,362,366,363,1309,,,,,10,10,5,10,1,50,,,,,,,
236,11005,0,0,49,49,1,7,10,1,362,365,367,,,,,,,,10,10,10,,,,,,,,,,
237,10601,0,0,49,49,1,2,2,1,369,373,368,408,411,795,,,,,15,10,1,5,1,35,20,,,,,,
238,10602,0,0,49,49,1,7,3,1,369,373,376,372,408,409,411,412,796,,5,10,5,1,5,2,1,1,30,20,,,
239,10603,0,0,49,49,1,7,5,1,370,374,408,409,410,411,412,413,,,25,15,10,5,3,1,1,1,20,,,,
240,10604,0,0,49,49,1,1,5,1,370,374,377,408,409,411,412,,,,10,20,10,10,5,1,1,20,,,,,
241,10605,0,0,49,49,1,7,5,1,378,371,375,408,411,,,,,,40,15,15,10,10,20,,,,,,,
242,10701,0,0,80,80,1,7,5,1,380,383,,,,,,,,,10,10,,,,,,,,,,,
243,10702,0,0,49,49,1,7,5,1,381,383,379,,,,,,,,30,15,1,,,,,,,,,,
244,10703,0,0,79,79,1,7,5,1,380,383,,,,,,,,,10,10,,,,,,,,,,,
245,10704,0,0,49,49,1,7,5,1,381,384,382,,,,,,,,15,30,1,,,,,,,,,,
246,10705,0,0,79,79,1,7,5,1,380,383,,,,,,,,,10,10,,,,,,,,,,,
247,11006,0,0,49,49,0,0,5,1,,,,,,,,,,,,,,,,,,,,,,,
248,10402,0,0,49,49,1,5,8,1,386,390,,,,,,,,,20,10,,,,,,,,,,,
249,10403,0,0,49,49,1,5,8,1,386,390,,,,,,,,,10,20,,,,,,,,,,,
250,10404,0,0,49,49,1,5,8,1,387,391,,,,,,,,,20,10,,,,,,,,,,,
251,10405,0,0,49,49,1,5,8,1,387,391,,,,,,,,,10,20,,,,,,,,,,,
252,10406,0,0,49,49,1,5,8,1,388,392,385,,,,,,,,20,10,1,,,,,,,,,,
253,10407,0,0,49,49,1,5,8,1,388,392,389,,,,,,,,10,20,1,,,,,,,,,,
254,10408,0,0,49,49,0,,8,1,,,,,,,,,,,,,,,,,,,,,,,
256,101,0,0,29,29,0,0,5,1,,,,,,,,,,,,,,,,,,,,,,,
257,200,327,708,457,813,1,5,6,1,287,283,284,288,291,261,265,268,,,5,5,10,10,10,10,10,10,,,,,
258,20801,0,0,69,69,1,7,5,1,395,397,399,403,1209,,,,,,20,10,10,10,20,,,,,,,,
259,20802,0,0,49,49,1,7,5,1,397,395,399,403,1210,,,,,,10,20,10,10,20,,,,,,,,
260,20803,0,0,49,49,1,7,5,1,395,397,398,403,1211,,,,,,10,10,20,10,20,,,,,,,,
261,20804,0,0,49,49,1,7,5,1,396,398,400,403,404,1212,,,,,2,2,8,8,1,10,,,,,,,
262,20805,0,0,49,49,1,7,5,1,396,398,400,403,405,,,,,,2,8,2,8,1,,,,,,,,
263,20806,0,0,49,49,1,7,5,1,396,398,400,403,406,,,,,,8,2,2,8,1,,,,,,,,
264,20807,0,0,49,49,0,0,5,1,,,,,,,,,,,,,,,,,,,,,,,
265,100,463,294,480,300,1,5,10,200,90,93,97,100,,,,,,,1,1,1,1,,,,,,,,,
267,1099,21,39,27,46,1,7,1,1,414,,,,,,,,,,1,,,,,,,,,,,,
268,20501,0,0,60,60,1,3,10,1,416,419,422,,,,,,,,20,10,30,,,,,,,,,,
269,20502,0,0,60,60,1,3,10,1,419,416,422,,,,,,,,20,10,30,,,,,,,,,,
270,20503,0,0,60,60,1,3,10,1,416,420,422,,,,,,,,20,10,30,,,,,,,,,,
271,20504,0,0,60,60,1,3,10,1,420,416,422,,,,,,,,20,10,30,,,,,,,,,,
272,20505,0,0,60,60,1,3,10,1,417,421,422,,,,,,,,20,10,30,,,,,,,,,,
273,20506,0,0,60,60,1,3,10,1,421,417,422,,,,,,,,20,10,30,,,,,,,,,,
274,20507,0,0,60,60,1,3,10,1,418,421,422,415,,,,,,,20,10,30,1,,,,,,,,,
275,20508,0,0,25,25,0,0,5,1,,,,,,,,,,,,,,,,,,,,,,,
276,20601,0,0,59,59,1,7,2,1,423,,,,,,,,,,1,,,,,,,,,,,,
277,20602,0,0,69,49,1,7,3,1,423,,,,,,,,,,1,,,,,,,,,,,,
278,20603,0,0,49,69,1,7,3,1,423,1220,,,,,,,,,50,1,,,,,,,,,,,
279,20604,0,0,59,59,1,7,4,1,423,430,,,,,,,,,10,1,,,,,,,,,,,
280,20605,0,0,59,79,1,7,4,1,423,430,,,,,,,,,10,1,,,,,,,,,,,
281,20606,0,0,69,49,1,7,5,1,423,430,,,,,,,,,10,1,,,,,,,,,,,
282,20607,0,0,79,59,0,0,5,1,,,,,,,,,,,,,,,,,,,,,,,
283,10901,0,0,50,50,1,5,4,1,424,,,,,,,,,,1,,,,,,,,,,,,
284,10912,0,0,40,40,1,5,4,1,424,,,,,,,,,,1,,,,,,,,,,,,
285,10913,0,0,50,50,1,5,4,1,424,,,,,,,,,,1,,,,,,,,,,,,
286,10914,0,0,40,60,1,5,4,1,425,,,,,,,,,,1,,,,,,,,,,,,
287,10915,0,0,60,40,1,5,4,1,425,,,,,,,,,,1,,,,,,,,,,,,
288,10916,0,0,20,80,1,5,4,1,425,,,,,,,,,,1,,,,,,,,,,,,
289,10917,0,0,100,30,1,5,4,1,426,,,,,,,,,,1,,,,,,,,,,,,
290,10918,0,0,30,30,1,5,4,1,426,,,,,,,,,,1,,,,,,,,,,,,
291,10919,0,0,20,20,0,0,4,1,,,,,,,,,,,1,,,,,,,,,,,,
292,10920,0,0,100,100,0,0,4,1,,,,,,,,,,,1,,,,,,,,,,,,
293,20701,0,0,50,50,1,5,4,1,427,,,,,,,,,,1,,,,,,,,,,,,
294,20702,0,0,60,70,1,5,4,1,427,,,,,,,,,,1,,,,,,,,,,,,
295,20703,0,0,30,30,1,5,4,1,427,,,,,,,,,,1,,,,,,,,,,,,
296,20704,0,0,20,20,1,5,4,1,427,,,,,,,,,,1,,,,,,,,,,,,
297,20705,0,0,20,40,1,5,4,1,427,,,,,,,,,,1,,,,,,,,,,,,
298,20706,0,0,50,50,1,5,4,1,428,,,,,,,,,,1,,,,,,,,,,,,
299,20707,0,0,60,40,1,5,4,1,428,,,,,,,,,,1,,,,,,,,,,,,
300,20708,0,0,40,70,1,5,4,1,428,,,,,,,,,,1,,,,,,,,,,,,
301,20709,0,0,60,60,1,5,4,1,429,,,,,,,,,,1,,,,,,,,,,,,
302,20710,0,0,50,50,1,5,4,1,429,,,,,,,,,,1,,,,,,,,,,,,
303,20711,0,0,30,40,0,0,4,1,,,,,,,,,,,1,,,,,,,,,,,,
304,20712,0,0,50,50,0,0,4,1,,,,,,,,,,,1,,,,,,,,,,,,
305,300,159,205,252,383,1,5,5,1,433,436,,,,,,,,,1,1,,,,,,,,,,,
306,300,198,383,322,469,1,5,5,1,433,436,,,,,,,,,1,1,,,,,,,,,,,
307,300,252,276,319,383,1,5,5,1,433,436,,,,,,,,,1,1,,,,,,,,,,,
308,300,223,348,246,374,1,5,5,5,436,435,,,,,,,,,80,1,,,,,,,,,,,
309,300,161,331,191,361,1,5,5,5,433,432,,,,,,,,,80,1,,,,,,,,,,,
310,300,322,383,496,540,1,5,5,10,463,465,466,,,,,,,,1,1,1,,,,,,,,,,
311,300,319,231,486,383,1,5,5,20,439,441,442,,,,,,,,1,1,1,,,,,,,,,,
312,300,425,78,564,238,1,5,5,30,444,446,,,,,,,,,1,1,,,,,,,,,,,
313,300,318,146,425,221,1,5,5,20,444,446,,,,,,,,,1,1,,,,,,,,,,,
314,300,490,78,529,108,1,5,5,50,444,446,443,,,,,,,,60,20,1,,,,,,,,,,
315,300,427,100,459,126,1,5,5,50,444,446,445,,,,,,,,20,60,1,,,,,,,,,,
316,300,85,37,233,195,1,5,5,70,449,451,452,714,1019,1020,1221,,,,15,15,15,10,20,20,1,,,,,,
317,300,233,106,276,165,1,5,5,70,449,451,452,1019,1020,,,,,,1,1,1,10,10,,,,,,,,
318,300,221,85,251,112,1,5,5,70,449,451,452,1019,1020,,,,,,1,1,1,10,10,,,,,,,,
319,31001,0,0,49,49,0,0,5,1,,,,,,,,,,,20,,,,,,,,,,,,
320,31002,0,0,49,49,0,0,5,1,,,,,,,,,,,,,,,,,,,,,,,
321,31003,0,0,24,24,0,0,5,1,,,,,,,,,,,,,,,,,,,,,,,
322,31101,0,0,49,49,0,0,5,1,1328,,,,,,,,,,20,,,,,,,,,,,,
323,31102,0,0,49,49,0,0,5,1,,,,,,,,,,,,,,,,,,,,,,,
324,31103,0,0,24,24,0,0,5,1,,,,,,,,,,,,,,,,,,,,,,,
325,31201,0,0,49,49,1,7,2,1,455,458,459,,,,,,,,20,10,10,,,,,,,,,,
326,31202,0,0,39,59,1,7,3,1,458,455,459,,,,,,,,20,10,10,,,,,,,,,,
327,31203,0,0,49,49,1,7,4,1,456,461,460,,,,,,,,20,10,10,,,,,,,,,,
328,31204,0,0,59,59,1,7,5,1,461,456,460,454,457,,,,,,30,15,15,1,1,,,,,,,,
329,31205,0,0,24,24,0,0,5,1,,,,,,,,,,,,,,,,,,,,,,,
330,300,449,517,466,531,1,5,5,50,463,465,462,466,,,,,,,20,10,1,10,,,,,,,,,
331,300,367,456,380,469,1,5,5,50,463,465,464,466,827,,,,,,10,20,1,10,100,,,,,,,,
332,300,393,267,406,280,1,5,5,20,439,441,442,438,,,,,,,60,20,20,1,,,,,,,,,
333,300,403,346,418,363,1,5,5,20,439,441,442,440,,,,,,,20,60,20,1,,,,,,,,,
334,31301,0,0,39,119,1,7,10,1,1444,1445,1446,470,471,,,,,,5,20,5,20,10,,,,,,,,
335,31501,0,0,39,119,1,7,10,1,467,468,469,470,471,,,,,,20,5,20,5,10,,,,,,,,
336,31401,0,0,119,39,1,7,5,1,473,475,477,,,,,,,,10,10,10,,,,,,,,,,
337,31401,45,27,52,35,1,7,5,10,473,475,477,472,,,,,,,15,15,15,1,,,,,,,,,
338,31701,0,0,49,49,1,7,5,1,478,481,484,,,,,,,,20,10,10,,,,,,,,,,
339,31702,0,0,49,49,1,7,5,1,478,483,484,,,,,,,,10,20,10,,,,,,,,,,
340,31703,0,0,49,49,1,7,5,1,479,482,485,,,,,,,,10,10,20,,,,,,,,,,
341,31704,0,0,49,49,1,7,5,1,479,482,485,487,1021,,,,,,10,10,10,20,20,,,,,,,,
342,31705,0,0,49,69,1,4,5,1,480,483,486,488,,,,,,,10,10,10,20,,,,,,,,,
343,31706,0,0,49,79,1,4,5,1,480,483,486,489,,,,,,,10,10,10,20,,,,,,,,,
344,31706,2,23,7,62,100,100,5,10,480,483,486,489,,,,,,,10,10,10,20,,,,,,,,,
345,31706,32,23,36,62,100,100,5,10,480,483,486,489,,,,,,,10,10,10,20,,,,,,,,,
346,31601,0,0,69,69,1,7,5,1,490,492,494,,,,,,,,20,10,10,,,,,,,,,,
347,31602,0,0,69,69,1,7,5,1,490,492,494,496,,,,,,,10,20,10,20,,,,,,,,,
348,31603,0,0,99,99,0,0,5,1,,,,,,,,,,,,,,,,,,,,,,,
349,31604,0,0,69,69,1,7,5,1,490,492,494,,,,,,,,10,10,20,,,,,,,,,,
350,31605,0,0,69,69,1,7,5,1,491,493,495,496,497,,,,,,20,10,10,10,5,,,,,,,,
351,31606,0,0,99,99,0,0,5,1,,,,,,,,,,,,,,,,,,,,,,,
352,31607,0,0,69,69,1,7,5,1,491,493,495,,,,,,,,10,20,10,,,,,,,,,,
353,31608,0,0,69,69,1,7,5,1,491,493,495,497,,,,,,,10,10,20,10,,,,,,,,,
354,31609,0,0,99,99,0,0,5,1,,,,,,,,,,,,,,,,,,,,,,,
355,31610,0,0,49,49,0,0,5,1,,,,,,,,,,,,,,,,,,,,,,,
356,31801,0,0,49,49,1,7,8,1,502,504,506,508,,,,,,,2,1,1,6,,,,,,,,,
357,31802,0,0,49,49,1,7,8,1,502,504,506,508,,,,,,,1,2,1,6,,,,,,,,,
358,31803,0,0,49,49,1,7,10,1,503,505,507,508,,,,,,,2,1,1,6,,,,,,,,,
359,31804,0,0,49,49,1,7,10,1,503,505,507,1219,,,,,,,20,20,10,1,,,,,,,,,
360,31805,0,0,49,49,0,0,5,1,,,,,,,,,,,,,,,,,,,,,,,
361,31806,0,0,49,49,1,2,5,1,499,501,826,1327,,,,,,,1,1,2,1,,,,,,,,,
362,31806,3,5,7,9,1,2,5,10,499,501,498,1327,,,,,,,50,50,1,20,,,,,,,,,
363,31806,36,36,39,39,1,2,5,10,499,501,500,826,,,,,,,25,25,1,50,10,,,,,,,,
364,5000,0,0,89,89,0,0,5,1,,,,,,,,,,,,,,,,,,,,,,,
365,5100,0,0,89,89,0,0,5,1,,,,,,,,,,,,,,,,,,,,,,,
366,6000,0,0,91,116,0,0,5,1,,,,,,,,,,,,,,,,,,,,,,,
367,31901,0,0,79,79,1,7,5,1,511,515,,,,,,,,,1,1,1,1,,,,,,,,,
368,31902,0,0,14,9,0,0,5,1,,,,,,,,,,,,,,,,,,,,,,,
369,31903,0,0,79,79,1,7,5,1,511,515,518,,,,,,,,1,1,1,,,,,,,,,,
370,31904,0,0,59,69,1,7,5,1,512,516,,,,,,,,,1,1,,,,,,,,,,,
371,31905,0,0,59,59,1,7,5,1,512,516,519,,,,,,,,1,1,1,,,,,,,,,,
372,31906,0,0,59,59,1,7,5,1,513,517,,,,,,,,,1,1,,,,,,,,,,,
373,31907,0,0,59,49,1,7,10,1,513,517,520,521,522,,,,,,1,1,1,1,1,,,,,,,,
374,31908,0,0,59,59,1,7,5,1,511,515,520,,,,,,,,1,1,1,,,,,,,,,,
375,31909,0,0,19,29,0,0,5,1,,,,,,,,,,,,,,,,,,,,,,,
376,31910,0,0,19,19,0,0,5,1,,,,,,,,,,,,,,,,,,,,,,,
377,31911,0,0,19,19,0,0,5,1,,,,,,,,,,,,,,,,,,,,,,,
378,300,112,37,162,74,1,3,5,100,449,451,452,448,,,,,,,60,20,40,1,,,,,,,,,
379,300,93,121,117,157,1,3,5,100,449,451,452,450,824,,,,,,5,15,10,1,35,,,,,,,,
380,31906,21,25,29,33,1,3,5,10,513,517,514,,,,,,,,40,60,1,,,,,,,,,,
381,31904,18,13,24,20,1,3,5,10,512,516,509,,,,,,,,60,40,1,,,,,,,,,,
382,400,0,0,149,148,1,5,10,1,523,524,525,526,527,529,809,,,,2,2,2,2,2,1,15,,,,,,
383,400,0,0,149,148,1,3,10,10,523,524,525,526,527,529,528,713,809,,10,10,10,10,10,2,1,12,65,,,,
384,30201,0,0,49,49,1,7,6,1,530,531,532,,,,,,,,30,10,10,,,,,,,,,,
385,30202,0,0,49,49,1,7,8,1,530,531,532,,,,,,,,30,10,10,,,,,,,,,,
386,30203,0,0,99,99,1,7,10,1,530,531,532,823,,,,,,,10,10,10,30,,,,,,,,,
387,30204,0,0,49,49,1,7,8,1,530,531,532,,,,,,,,10,30,10,,,,,,,,,,
388,30205,0,0,49,49,1,7,6,1,530,531,532,,,,,,,,10,30,10,,,,,,,,,,
389,30101,0,0,99,99,1,7,5,1,533,537,,,,,,,,,2,1,,,,,,,,,,,
390,30102,0,0,39,39,1,7,5,1,533,537,,,,,,,,,2,1,,,,,,,,,,,
391,30103,0,0,69,69,1,7,5,1,534,537,,,,,,,,,2,1,,,,,,,,,,,
392,30104,0,0,49,49,1,7,5,1,534,537,,,,,,,,,2,1,,,,,,,,,,,
393,30105,0,0,29,29,1,7,5,1,535,537,,,,,,,,,2,1,,,,,,,,,,,
394,30106,0,0,49,49,1,7,5,1,535,537,,,,,,,,,2,1,,,,,,,,,,,
395,30107,0,0,49,69,1,7,5,1,536,537,,,,,,,,,2,1,,,,,,,,,,,
396,30108,0,0,29,29,1,7,5,1,536,537,,,,,,,,,2,1,,,,,,,,,,,
397,40,0,0,19,19,0,0,5,1,,,,,,,,,,,,,,,,,,,,,,,
398,200,360,213,424,284,1,5,5,10,309,308,539,540,541,,,,,,3,3,2,3,3,,,,,,,,
399,20901,0,0,69,69,1,7,5,1,550,551,552,553,,,,,,,10,3,3,4,,,,,,,,,
400,20902,0,0,59,59,1,7,6,1,546,547,548,549,,,,,,,10,3,3,4,,,,,,,,,
401,20903,0,0,49,49,1,7,5,1,542,543,544,545,,,,,,,10,3,3,4,,,,,,,,,
402,201,0,0,29,39,0,0,5,1,,,,,,,,,,,,,,,,,,,,,,,
406,41,3,6,33,19,1,5,10,1,558,559,563,564,,,,,,,5,5,1,1,,,,,,,,,
407,41,3,6,17,34,1,5,10,10,558,559,563,564,,,,,,,5,5,1,1,,,,,,,,,
408,41,36,51,65,63,1,5,10,1,558,559,557,563,564,,,,,,25,25,1,5,5,,,,,,,,
409,41,51,36,65,63,1,5,10,10,558,559,563,564,,,,,,,5,5,1,1,,,,,,,,,
410,41,4,36,17,49,1,5,10,1,556,555,563,564,,,,,,,5,5,1,1,,,,,,,,,
411,41,20,51,33,63,1,5,10,1,556,555,563,564,,,,,,,5,5,1,1,,,,,,,,,
412,41,36,6,49,19,1,5,10,1,556,555,563,564,,,,,,,5,5,1,1,,,,,,,,,
413,41,51,21,65,34,1,5,10,1,556,555,563,564,,,,,,,5,5,1,1,,,,,,,,,
414,41,3,51,17,64,1,5,10,1,554,561,563,564,,,,,,,5,5,1,1,,,,,,,,,
415,41,52,7,64,18,1,5,10,1,554,561,563,564,,,,,,,5,5,1,1,,,,,,,,,
416,41,19,21,49,49,1,5,10,1,554,561,,,,,,,,,1,1,,,,,,,,,,,
417,42,3,6,33,19,1,5,10,1,558,559,563,564,,,,,,,5,5,1,1,,,,,,,,,
418,42,3,6,17,34,1,5,10,10,558,559,563,564,,,,,,,5,5,1,1,,,,,,,,,
419,42,36,51,65,63,1,5,10,1,558,559,563,564,,,,,,,5,5,1,1,,,,,,,,,
420,42,51,36,65,63,1,5,10,10,558,559,563,564,,,,,,,5,5,1,1,,,,,,,,,
421,42,4,36,17,49,1,5,10,1,556,555,563,564,,,,,,,5,5,1,1,,,,,,,,,
422,42,20,51,33,63,1,5,10,1,556,555,563,564,,,,,,,5,5,1,1,,,,,,,,,
423,42,36,6,49,19,1,5,10,1,556,555,563,564,,,,,,,5,5,1,1,,,,,,,,,
424,42,51,21,65,34,1,5,10,1,556,555,563,564,,,,,,,5,5,1,1,,,,,,,,,
425,42,3,51,17,64,1,5,10,1,554,561,563,564,,,,,,,5,5,1,1,,,,,,,,,
426,42,52,7,64,18,1,5,10,1,554,561,563,564,,,,,,,5,5,1,1,,,,,,,,,
427,42,19,21,49,49,1,5,10,1,554,561,,,,,,,,,1,1,,,,,,,,,,,
429,30600,0,0,29,29,0,0,5,1,,,,,,,,,,,,,,,,,,,,,,,
430,110,7,15,7,15,0,1,8,1,1039,1040,1041,,,,,,,,5,5,5,,,,,,,,,,
430,118,0,0,249,179,0,1,8,1,565,566,567,568,569,570,,,,,5,5,5,2,2,5,,,,,,,
431,119,0,0,199,199,0,1,8,1,565,566,567,568,569,570,606,,,,10,10,10,4,10,4,1,,,,,,
432,122,0,0,299,199,0,1,6,1,565,566,567,568,569,570,,,,,5,5,5,5,2,2,,,,,,,
433,120,0,0,29,29,0,0,5,1,,,,,,,,,,,,,,,,,,,,,,,
434,121,0,0,29,29,0,0,5,1,,,,,,,,,,,,,,,,,,,,,,,
435,21001,0,0,84,84,1,3,4,1,571,572,830,,,,,,,,1,1,1,,,,,,,,,,
436,21002,0,0,74,74,1,3,5,1,573,574,605,,,,,,,,3,3,2,,,,,,,,,,
437,21003,0,0,69,69,1,3,5,1,575,576,577,,,,,,,,1,1,1,,,,,,,,,,
438,21004,0,0,69,69,1,3,5,1,578,579,,,,,,,,,1,1,,,,,,,,,,,
439,21005,0,0,64,64,1,4,6,1,580,581,,,,,,,,,1,1,,,,,,,,,,,
440,21006,0,0,64,64,1,4,6,1,582,583,584,,,,,,,,1,1,1,,,,,,,,,,
441,21007,0,0,59,59,1,4,7,1,585,586,,,,,,,,,1,1,,,,,,,,,,,
442,21008,0,0,59,59,1,4,7,1,587,588,,,,,,,,,1,1,,,,,,,,,,,
443,21009,0,0,54,54,1,4,8,1,589,590,591,,,,,,,,1,1,1,,,,,,,,,,
444,21010,0,0,54,54,1,5,5,1,593,595,,,,,,,,,5,1,,,,,,,,,,,
445,21011,0,0,49,49,1,5,5,1,596,597,,,,,,,,,3,1,,,,,,,,,,,
446,21012,0,0,39,39,1,5,5,1,598,599,,,,,,,,,2,1,,,,,,,,,,,
447,21013,0,0,39,39,1,5,5,1,600,601,602,592,594,,,,,,30,30,30,1,1,,,,,,,,
448,21014,0,0,29,29,0,0,5,1,,,,,,,,,,,,,,,,,,,,,,,
449,21015,0,0,19,19,0,0,5,1,,,,,,,,,,,,,,,,,,,,,,,
450,21016,0,0,39,39,1,5,5,1,598,599,,,,,,,,,2,1,,,,,,,,,,,
451,777,0,0,49,49,0,0,5,1,,,,,,,,,,,,,,,,,,,,,,,
452,3413,0,0,29,29,0,0,5,1,,,,,,,,,,,,,,,,,,,,,,,
453,125,16,1,49,29,0,1,1,1,607,,,,,,,,,,1,,,,,,,,,,,,
454,125,16,1,37,24,1,5,5,10,608,,,,,,,,,,1,,,,,,,,,,,,
455,125,22,5,32,20,1,10,10,20,608,,,,,,,,,,1,,,,,,,,,,,,
456,30501,0,0,39,39,1,3,3,1,609,611,613,,,,,,,,10,5,1,,,,,,,,,,
457,30502,0,0,49,49,1,3,6,1,609,611,613,615,,,,,,,5,5,1,1,,,,,,,,,
458,30503,0,0,49,49,1,3,6,1,609,611,613,615,,,,,,,5,5,1,1,,,,,,,,,
459,30504,0,0,29,29,1,3,4,1,609,611,613,,,,,,,,8,5,1,,,,,,,,,,
460,30505,0,0,49,49,1,3,5,1,609,611,613,,,,,,,,8,5,1,,,,,,,,,,
461,30506,0,0,49,49,1,3,4,1,609,611,613,,,,,,,,10,5,1,,,,,,,,,,
462,30507,0,0,49,49,1,3,6,1,609,611,613,615,,,,,,,4,4,1,1,,,,,,,,,
463,30508,0,0,49,49,1,3,10,1,610,612,614,616,821,,,,,,4,4,1,1,8,,,,,,,,
464,30509,0,0,99,49,1,3,7,1,609,611,613,615,,,,,,,4,4,1,1,,,,,,,,,
465,30510,0,0,49,49,1,3,10,1,610,612,614,616,,,,,,,3,3,1,1,,,,,,,,,
466,30511,0,0,49,49,1,3,10,1,610,612,614,616,,,,,,,3,3,1,1,,,,,,,,,
467,30401,0,0,49,49,1,5,5,1,617,620,623,,,,,,,,1,1,1,,,,,,,,,,
468,30402,0,0,49,49,1,5,5,1,618,621,624,,,,,,,,1,1,1,,,,,,,,,,
469,30403,0,0,49,49,1,5,5,1,619,622,625,,,,,,,,1,1,1,,,,,,,,,,
470,300,279,56,424,148,1,3,5,50,626,628,,,,,,,,,1,1,,,,,,,,,,,
471,300,257,148,318,270,1,3,5,50,626,628,,,,,,,,,1,1,,,,,,,,,,,
472,300,257,56,279,108,1,3,5,50,626,628,,,,,,,,,1,1,,,,,,,,,,,
473,300,228,58,262,80,1,3,5,50,626,628,627,,,,,,,,50,50,1,,,,,,,,,,
474,300,318,148,322,215,1,3,5,50,626,628,,,,,,,,,1,1,,,,,,,,,,,
475,300,322,148,327,200,1,3,5,50,626,628,,,,,,,,,1,1,,,,,,,,,,,
476,300,327,148,332,187,1,3,5,50,626,628,,,,,,,,,1,1,,,,,,,,,,,
477,300,332,148,341,173,1,3,5,50,626,628,,,,,,,,,1,1,,,,,,,,,,,
478,300,341,178,356,164,1,3,5,50,626,628,,,,,,,,,1,1,,,,,,,,,,,
479,300,356,148,374,154,1,3,5,50,626,628,,,,,,,,,1,1,,,,,,,,,,,
480,30001,0,0,49,49,1,3,4,1,629,630,631,832,,,,,,,4,1,1,3,,,,,,,,,
481,30002,0,0,29,49,1,3,5,1,632,633,634,,,,,,,,1,4,1,,,,,,,,,,
482,30003,0,0,29,69,1,3,6,1,635,636,637,638,,,,,,,1,1,1,1,,,,,,,,,
483,30004,0,0,59,19,1,3,7,1,639,640,641,,,,,,,,4,1,1,,,,,,,,,,
484,30005,0,0,59,59,1,3,8,1,642,643,644,,,,,,,,1,4,1,,,,,,,,,,
485,30006,0,0,39,39,1,3,9,1,645,646,647,648,,,,,,,1,1,1,1,,,,,,,,,
486,30007,0,0,19,19,1,3,10,1,650,651,652,,,,,,,,1,1,1,,,,,,,,,,
487,30008,0,0,99,99,1,3,10,1,654,655,656,657,,,,,,,1,1,1,1,,,,,,,,,
488,30009,0,0,49,29,1,3,10,1,650,651,652,,,,,,,,1,1,1,,,,,,,,,,
489,30010,0,0,29,49,1,3,9,1,645,646,647,648,649,,,,,,25,25,25,25,1,,,,,,,,
490,30011,0,0,59,39,1,3,8,1,642,643,644,,,,,,,,1,4,1,,,,,,,,,,
491,30012,0,0,39,59,1,3,7,1,639,640,641,,,,,,,,4,1,1,,,,,,,,,,
492,30013,0,0,19,69,1,3,6,1,635,636,637,638,,,,,,,1,1,1,1,,,,,,,,,
493,30014,0,0,69,19,1,3,5,1,632,633,634,,,,,,,,1,4,1,,,,,,,,,,
494,30015,0,0,79,99,1,3,4,1,629,630,631,,,,,,,,4,1,1,,,,,,,,,,
495,30016,0,0,49,99,0,0,5,1,,,,,,,,,,,,,,,,,,,,,,,
496,20302,0,0,99,99,1,3,6,1,658,659,673,660,661,,,,,,10,10,10,5,5,,,,,,,,
497,20303,0,0,99,99,1,3,8,1,663,664,665,666,674,805,,,,,5,5,10,10,10,40,,,,,,,
498,20304,0,0,99,99,1,3,10,1,667,668,669,670,675,,,,,,1,1,1,1,2,,,,,,,,
499,20305,0,0,99,99,1,3,10,1,667,668,669,670,675,,,,,,5,1,1,1,2,,,,,,,,
500,20306,0,0,99,99,1,3,10,1,667,668,669,670,675,805,,,,,1,5,1,1,2,10,,,,,,,
501,20307,0,0,99,99,1,3,10,1,667,668,669,670,675,671,,,,,10,10,50,10,20,1,,,,,,,
502,20308,0,0,99,99,1,3,10,1,667,668,669,670,675,672,,,,,10,10,10,50,20,1,,,,,,,
503,20309,0,0,119,139,0,0,5,1,,,,,,,,,,,,,,,,,,,,,,,
504,11201,0,0,79,79,1,3,4,1,676,678,833,,,,,,,,1,1,1,,,,,,,,,,
505,11202,0,0,79,79,1,3,5,1,676,678,680,,,,,,,,1,1,1,,,,,,,,,,
506,11203,0,0,69,69,1,3,5,1,677,679,681,,,,,,,,1,1,1,,,,,,,,,,
507,11204,0,0,69,69,1,3,6,1,682,685,,,,,,,,,1,1,,,,,,,,,,,
508,11205,0,0,69,69,1,3,6,1,683,686,,,,,,,,,1,1,,,,,,,,,,,
509,11206,0,0,59,59,1,3,6,1,683,686,688,,,,,,,,1,1,1,,,,,,,,,,
510,11207,0,0,59,59,1,3,7,1,684,687,689,,,,,,,,1,1,1,,,,,,,,,,
511,11208,0,0,59,59,1,3,7,1,690,693,696,,,,,,,,1,1,1,,,,,,,,,,
512,11209,0,0,59,59,1,3,8,1,690,693,696,699,,,,,,,1,1,1,1,,,,,,,,,
513,11210,0,0,49,49,1,3,8,1,691,694,697,,,,,,,,1,1,1,,,,,,,,,,
514,11211,0,0,49,49,1,3,9,1,691,694,697,700,,,,,,,1,1,1,1,,,,,,,,,
515,11212,0,0,49,49,1,3,9,1,692,695,698,701,,,,,,,1,1,1,1,,,,,,,,,
516,11213,0,0,49,49,1,3,10,1,702,704,706,,,,,,,,1,1,1,,,,,,,,,,
517,11214,0,0,49,49,1,3,10,1,703,705,707,,,,,,,,1,1,1,,,,,,,,,,
518,11215,0,0,19,19,0,0,5,1,,,,,,,,,,,,,,,,,,,,,,,
519,1006,0,0,39,29,0,0,5,1,,,,,,,,,,,,,,,,,,,,,,,
520,2006,0,0,39,29,0,0,5,1,,,,,,,,,,,,,,,,,,,,,,,
521,3006,0,0,39,29,0,0,5,1,,,,,,,,,,,,,,,,,,,,,,,
522,4006,0,0,29,39,0,0,5,1,,,,,,,,,,,,,,,,,,,,,,,
523,5106,0,0,29,49,0,0,5,1,,,,,,,,,,,,,,,,,,,,,,,
524,800,0,0,49,49,1,2,3,1,708,,,,,,,,,,1,,,,,,,,,,,,
525,801,0,0,49,49,1,2,3,1,708,,,,,,,,,,1,,,,,,,,,,,,
526,802,0,0,49,49,1,2,3,1,708,,,,,,,,,,1,,,,,,,,,,,,
527,803,0,0,49,49,1,2,3,1,708,,,,,,,,,,1,,,,,,,,,,,,
528,804,0,0,49,49,1,2,3,1,708,,,,,,,,,,1,,,,,,,,,,,,
529,805,0,0,49,49,1,2,3,1,708,,,,,,,,,,1,,,,,,,,,,,,
530,806,0,0,49,49,1,2,3,1,708,,,,,,,,,,1,,,,,,,,,,,,
531,807,0,0,49,49,1,2,3,1,708,,,,,,,,,,1,,,,,,,,,,,,
532,808,0,0,49,49,1,2,3,1,708,,,,,,,,,,1,,,,,,,,,,,,
533,809,0,0,49,49,1,2,3,1,708,,,,,,,,,,1,,,,,,,,,,,,
534,820,0,0,49,49,1,2,4,1,709,,,,,,,,,,1,,,,,,,,,,,,
535,821,0,0,49,49,1,2,4,1,709,,,,,,,,,,1,,,,,,,,,,,,
536,822,0,0,49,49,1,2,4,1,709,,,,,,,,,,1,,,,,,,,,,,,
537,823,0,0,49,49,1,2,4,1,709,,,,,,,,,,1,,,,,,,,,,,,
538,824,0,0,49,49,1,2,4,1,709,,,,,,,,,,1,,,,,,,,,,,,
539,825,0,0,49,49,1,2,4,1,709,,,,,,,,,,1,,,,,,,,,,,,
540,826,0,0,49,49,1,2,4,1,709,,,,,,,,,,1,,,,,,,,,,,,
541,827,0,0,49,49,1,2,4,1,709,,,,,,,,,,1,,,,,,,,,,,,
542,828,0,0,49,49,1,2,4,1,709,,,,,,,,,,1,,,,,,,,,,,,
543,829,0,0,49,49,1,2,4,1,709,,,,,,,,,,1,,,,,,,,,,,,
544,840,0,0,49,49,1,2,5,1,710,,,,,,,,,,1,,,,,,,,,,,,
545,841,0,0,49,49,1,2,5,1,710,,,,,,,,,,1,,,,,,,,,,,,
546,842,0,0,49,49,1,2,5,1,710,,,,,,,,,,1,,,,,,,,,,,,
547,843,0,0,49,49,1,2,5,1,710,,,,,,,,,,1,,,,,,,,,,,,
548,844,0,0,49,49,1,2,5,1,710,,,,,,,,,,1,,,,,,,,,,,,
549,845,0,0,49,49,1,2,5,1,710,,,,,,,,,,1,,,,,,,,,,,,
550,846,0,0,49,49,1,2,5,1,710,,,,,,,,,,1,,,,,,,,,,,,
551,847,0,0,49,49,1,2,5,1,710,,,,,,,,,,1,,,,,,,,,,,,
552,848,0,0,49,49,1,2,5,1,710,,,,,,,,,,1,,,,,,,,,,,,
553,849,0,0,49,49,1,2,5,1,710,,,,,,,,,,1,,,,,,,,,,,,
554,811,0,0,49,49,0,0,5,1,,,,,,,,,,,,,,,,,,,,,,,
555,831,0,0,49,49,0,0,5,1,,,,,,,,,,,,,,,,,,,,,,,
556,851,0,0,49,49,0,0,5,1,,,,,,,,,,,,,,,,,,,,,,,
557,810,0,0,49,49,0,0,5,1,,,,,,,,,,,,,,,,,,,,,,,
558,830,0,0,49,49,0,0,5,1,,,,,,,,,,,,,,,,,,,,,,,
559,850,0,0,49,49,0,0,5,1,,,,,,,,,,,,,,,,,,,,,,,
564,300,303,218,331,251,1,3,5,100,626,628,,,,,,,,,1,1,,,,,,,,,,,
565,30301,0,0,49,49,1,5,5,1,715,,,,,,,,,,1,,,,,,,,,,,,
566,30302,0,0,49,49,1,5,5,1,716,,,,,,,,,,1,,,,,,,,,,,,
567,30303,0,0,49,49,1,5,5,1,715,,,,,,,,,,1,,,,,,,,,,,,
568,30304,0,0,49,49,1,5,5,1,716,,,,,,,,,,1,,,,,,,,,,,,
569,30305,0,0,69,69,1,5,5,1,717,819,818,,,,,,,,1,3,3,,,,,,,,,,
570,30305,3,24,63,61,1,5,5,10,717,718,819,818,,,,,,,3,1,3,3,,,,,,,,,
571,30306,0,0,49,49,1,5,5,1,716,,,,,,,,,,1,,,,,,,,,,,,
572,30307,0,0,49,49,1,5,5,1,715,,,,,,,,,,1,,,,,,,,,,,,
573,21201,0,0,119,119,1,3,10,1,719,831,,,,,,,,,3,1,,,,,,,,,,,
574,21202,0,0,119,119,1,3,10,1,719,720,,,,,,,,,1,1,,,,,,,,,,,
575,21203,0,0,119,119,1,3,10,1,720,,,,,,,,,,1,,,,,,,,,,,,
576,21204,0,0,59,59,1,3,10,1,720,721,,,,,,,,,1,1,,,,,,,,,,,
577,21205,0,0,59,59,1,3,10,1,721,,,,,,,,,,1,,,,,,,,,,,,
578,21206,0,0,59,59,1,3,10,1,722,,,,,,,,,,1,,,,,,,,,,,,
579,21207,0,0,59,59,1,3,10,1,722,723,,,,,,,,,1,1,,,,,,,,,,,
580,21208,0,0,59,59,1,3,10,1,723,,,,,,,,,,1,,,,,,,,,,,,
581,21209,0,0,59,59,1,3,10,1,723,724,,,,,,,,,1,1,,,,,,,,,,,
582,21210,0,0,59,59,1,3,10,1,724,,,,,,,,,,1,,,,,,,,,,,,
583,21211,0,0,59,59,1,3,10,1,725,,,,,,,,,,1,,,,,,,,,,,,
584,21212,0,0,59,59,1,3,10,1,725,726,,,,,,,,,1,1,,,,,,,,,,,
585,21213,0,0,59,59,1,3,10,1,726,,,,,,,,,,1,,,,,,,,,,,,
586,21214,0,0,59,59,1,3,10,1,726,727,,,,,,,,,1,1,,,,,,,,,,,
587,21215,0,0,49,99,0,0,10,1,,,,,,,,,,,,,,,,,,,,,,,
588,21301,0,0,39,39,1,3,10,1,719,,,,,,,,,,1,,,,,,,,,,,,
589,21302,0,0,39,39,1,3,10,1,720,,,,,,,,,,1,,,,,,,,,,,,
590,21303,0,0,39,39,1,3,10,1,721,,,,,,,,,,1,,,,,,,,,,,,
591,21304,0,0,39,39,1,3,10,1,722,,,,,,,,,,1,,,,,,,,,,,,
592,21305,0,0,39,39,1,3,10,1,723,,,,,,,,,,1,,,,,,,,,,,,
593,21306,0,0,39,39,1,3,10,1,724,,,,,,,,,,1,,,,,,,,,,,,
594,21307,0,0,39,39,1,3,10,1,725,,,,,,,,,,1,,,,,,,,,,,,
595,21308,0,0,39,39,1,3,10,1,726,727,728,,,,,,,,50,50,1,,,,,,,,,,
596,21309,0,0,59,59,1,3,10,1,725,,,,,,,,,,1,,,,,,,,,,,,
597,21310,0,0,59,59,1,3,10,1,724,,,,,,,,,,1,,,,,,,,,,,,
598,21311,0,0,59,59,1,3,10,1,723,,,,,,,,,,1,,,,,,,,,,,,
599,21312,0,0,59,59,1,3,10,1,722,,,,,,,,,,1,,,,,,,,,,,,
600,21313,0,0,59,59,1,3,10,1,721,,,,,,,,,,1,,,,,,,,,,,,
601,21314,0,0,59,59,1,3,10,1,720,,,,,,,,,,1,,,,,,,,,,,,
602,21315,0,0,59,59,1,3,10,1,719,,,,,,,,,,1,,,,,,,,,,,,
603,31302,0,0,59,59,1,7,10,1,467,468,469,470,471,,,,,,5,20,5,20,10,,,,,,,,
604,30701,0,0,59,59,1,3,5,1,729,,,,,,,,,,1,,,,,,,,,,,,
605,30702,0,0,59,59,1,3,5,1,730,731,,,,,,,,,100,1,,,,,,,,,,,
606,30703,0,0,59,59,1,3,5,1,729,,,,,,,,,,1,,,,,,,,,,,,
607,300,55,197,190,267,1,3,5,100,732,1236,,,,,,,,,1,1,,,,,,,,,,,
608,300,55,267,158,386,1,3,5,100,732,1236,,,,,,,,,1,1,,,,,,,,,,,
609,300,158,267,186,315,1,3,5,100,732,1236,,,,,,,,,1,1,,,,,,,,,,,
610,300,158,315,169,328,1,3,5,100,732,1236,,,,,,,,,1,1,,,,,,,,,,,
611,32001,0,0,59,59,1,3,10,1,733,734,735,737,,,,,,,1,1,1,3,,,,,,,,,
612,32002,0,0,59,59,1,3,10,1,733,734,735,737,,,,,,,3,1,1,1,,,,,,,,,
613,32003,0,0,59,59,1,3,10,1,733,734,735,737,,,,,,,1,3,1,1,,,,,,,,,
614,32004,0,0,59,59,1,3,10,1,733,734,735,737,754,,,,,,1,1,3,1,1,,,,,,,,
615,32005,0,0,59,59,1,3,10,1,733,734,735,736,737,,,,,,25,25,25,1,25,,,,,,,,
616,32006,0,0,59,59,1,3,10,1,739,740,741,742,754,,,,,,1,3,1,1,1,,,,,,,,
617,32007,0,0,59,59,1,3,10,1,739,740,741,742,,,,,,,1,1,3,1,,,,,,,,,
618,32008,0,0,59,59,1,3,10,1,739,740,741,742,754,,,,,,3,1,1,1,1,,,,,,,,
619,32009,0,0,59,59,1,3,10,1,739,740,741,742,738,,,,,,25,25,25,25,1,,,,,,,,
620,32010,0,0,99,99,1,3,10,1,739,740,741,742,,,,,,,1,1,1,3,,,,,,,,,
621,32011,0,0,59,59,1,3,10,1,744,745,746,747,743,,,,,,25,25,25,25,1,,,,,,,,
622,32012,0,0,59,59,1,3,10,1,744,745,746,747,754,,,,,,3,1,1,1,1,,,,,,,,
623,32013,0,0,59,59,1,3,10,1,744,745,746,747,,,,,,,1,3,1,1,,,,,,,,,
624,32014,0,0,59,59,1,3,10,1,744,745,746,747,,,,,,,1,1,3,1,,,,,,,,,
625,32015,0,0,59,59,1,3,10,1,744,745,746,747,,,,,,,1,1,1,3,,,,,,,,,
626,32016,0,0,59,59,1,3,10,1,748,750,752,753,,,,,,,1,1,1,1,,,,,,,,,
627,32017,0,0,59,59,1,3,10,1,748,750,752,753,,,,,,,3,1,1,1,,,,,,,,,
628,32018,0,0,59,59,1,3,10,1,748,750,752,753,751,,,,,,20,20,40,20,1,,,,,,,,
629,32019,0,0,59,59,1,3,10,1,748,750,752,753,749,,,,,,20,40,20,20,1,,,,,,,,
630,32020,0,0,99,99,1,3,10,1,748,750,752,753,1053,,,,,,10,10,10,10,6,,,,,,,,
631,32021,0,0,59,59,0,0,5,1,,,,,,,,,,,,,,,,,,,,,,,
632,32020,8,0,28,6,0,0,5,10,,,,,,,,,,,,,,,,,,,,,,,
633,11300,0,0,49,49,1,3,5,1,756,757,,,,,,,,,20,10,,,,,,,,,,,
634,11301,0,0,49,49,1,3,5,1,756,757,759,,,,,,,,20,15,1,,,,,,,,,,
635,11302,0,0,49,49,1,3,5,1,756,757,758,759,,,,,,,15,20,20,10,,,,,,,,,
636,11303,0,0,49,49,1,3,5,1,756,757,758,759,1448,,,,,,20,20,20,20,40,,,,,,,,
637,11304,0,0,49,49,1,5,10,1,776,759,757,758,756,,,,,,4,10,10,10,10,,,,,,,,
638,500,270,192,241,460,1,6,5,5,761,768,769,,,,,,,,1,15,15,,,,,,,,,,
639,500,1,1,800,800,1,6,5,1,762,764,770,771,774,788,789,,,,1,10,15,15,15,40,15,,,,,,
639,4030,24,12,24,12,1,6,5,1,1230,,,,,,,,,,1,,,,,,,,,,,,
640,5501,1,1,60,60,1,5,10,1,765,763,772,773,789,,,,,,15,1,15,15,20,,,,,,,,
642,5502,1,1,59,59,1,3,10,1,765,763,772,773,789,,,,,,15,1,15,15,20,,,,,,,,
643,5503,1,1,60,100,1,3,10,1,765,763,766,772,773,789,,,,,15,1,20,15,15,25,,,,,,,
644,5504,1,1,20,200,1,5,10,1,765,763,766,772,773,789,,,,,15,1,20,15,15,25,,,,,,,
645,5505,1,1,60,100,1,5,10,1,765,763,766,772,773,789,,,,,15,1,20,15,15,25,,,,,,,
646,5505,1,1,59,99,1,3,10,1,761,762,766,789,,,,,,,10,1,10,15,,,,,,,,,
647,5506,1,1,60,60,1,3,10,1,763,762,766,789,,,,,,,3,3,3,10,,,,,,,,,
648,5507,1,1,100,100,1,3,10,1,767,763,788,,,,,,,,5,3,10,,,,,,,,,,
649,5508,1,1,60,60,1,3,10,1,762,763,,,,,,,,,3,3,,,,,,,,,,,
650,5509,1,1,49,49,0,0,10,1,,,,,,,,,,,,,,,,,,,,,,,
651,5510,1,1,59,59,1,5,10,1,773,772,767,766,765,774,789,,,,3,3,5,3,3,3,10,,,,,,
652,500,614,409,481,621,1,3,10,10,764,771,770,774,767,775,789,,,,10,10,10,10,10,2,15,,,,,,
654,5540,462,287,252,620,1,4,10,5,782,784,,,,,,,,,1,1,,,,,,,,,,,
655,11305,1,1,59,50,1,5,10,1,776,757,758,756,,,,,,,7,10,10,10,,,,,,,,,
656,5500,1,1,50,30,0,0,5,1,,,,,,,,,,,,,,,,,,,,,,,
657,5511,1,1,30,30,0,0,5,1,,,,,,,,,,,,,,,,,,,,,,,
658,5507,47,20,41,27,1,5,10,2,777,762,765,767,773,789,,,,,5,5,5,5,10,20,,,,,,,
659,500,233,299,197,341,1,4,10,70,779,780,781,,,,,,,,5,15,5,,,,,,,,,,
660,500,222,307,188,350,1,4,10,60,779,780,781,,,,,,,,5,15,5,,,,,,,,,,
661,500,191,281,125,343,1,4,10,50,779,780,781,,,,,,,,5,15,5,,,,,,,,,,
662,500,0,0,60,60,0,0,5,1,,,,,,,,,,,,,,,,,,,,,,,
663,5540,1,1,799,799,1,4,10,1,783,778,,,,,,,,,10,10,,,,,,,,,,,
664,5540,233,299,197,341,1,4,10,70,787,786,,,,,,,,,5,5,,,,,,,,,,,
665,5540,222,307,188,350,1,4,10,60,787,786,,,,,,,,,5,5,,,,,,,,,,,
666,5540,191,281,125,343,1,4,10,50,787,786,,,,,,,,,5,5,,,,,,,,,,,
667,5541,0,0,40,40,0,0,5,1,,,,,,,,,,,,,,,,,,,,,,,
668,5542,0,0,40,40,0,0,5,1,,,,,,,,,,,,,,,,,,,,,,,
669,5543,0,0,40,40,0,0,5,1,,,,,,,,,,,,,,,,,,,,,,,
670,5532,0,0,40,40,0,0,5,1,,,,,,,,,,,,,,,,,,,,,,,
671,5533,0,0,40,40,0,0,5,1,,,,,,,,,,,,,,,,,,,,,,,
672,5536,0,0,40,40,0,0,5,1,,,,,,,,,,,,,,,,,,,,,,,
673,30601,0,0,100,100,1,3,5,1,828,829,,,,,,,,,10,3,,,,,,,,,,,
674,30602,0,0,100,100,1,3,5,1,828,829,,,,,,,,,10,3,,,,,,,,,,,
675,30603,0,0,100,100,1,3,5,1,828,829,,,,,,,,,10,3,,,,,,,,,,,
676,30604,0,0,100,100,1,3,5,1,828,829,,,,,,,,,10,3,,,,,,,,,,,
677,30606,0,0,100,100,1,3,5,1,828,829,,,,,,,,,10,3,,,,,,,,,,,
678,30611,1,1,50,50,1,3,10,1,834,838,842,,,,,,,,1,2,3,,,,,,,,,,
679,30612,1,1,50,50,1,3,10,1,835,839,843,,,,,,,,1,2,3,,,,,,,,,,
680,30613,1,1,50,50,1,3,10,1,836,840,844,,,,,,,,1,2,3,,,,,,,,,,
681,30614,1,1,50,50,1,3,10,1,837,841,845,,,,,,,,1,2,3,,,,,,,,,,
682,30615,1,1,50,50,1,3,10,1,834,,,,,,,,,,10,,,,,,,,,,,,
683,30616,1,1,50,50,1,3,10,1,835,,,,,,,,,,10,,,,,,,,,,,,
684,30617,1,1,50,50,1,3,10,1,836,,,,,,,,,,10,,,,,,,,,,,,
685,30618,1,1,50,50,1,3,10,1,837,,,,,,,,,,10,,,,,,,,,,,,
686,30621,1,1,50,50,1,3,10,1,834,,,,,,,,,,10,,,,,,,,,,,,
687,30622,1,1,50,50,1,3,10,1,835,,,,,,,,,,10,,,,,,,,,,,,
688,30623,1,1,50,50,1,3,10,1,836,,,,,,,,,,10,,,,,,,,,,,,
689,30624,1,1,50,50,1,3,10,1,837,,,,,,,,,,10,,,,,,,,,,,,
690,30625,1,1,50,50,1,3,10,1,834,,,,,,,,,,10,,,,,,,,,,,,
691,30626,1,1,50,50,1,3,10,1,835,,,,,,,,,,10,,,,,,,,,,,,
692,30627,1,1,50,50,1,3,10,1,836,,,,,,,,,,10,,,,,,,,,,,,
693,30628,1,1,50,50,1,3,10,1,837,,,,,,,,,,10,,,,,,,,,,,,
694,30691,1,1,100,100,1,3,10,1,846,,,,,,,,,,10,,,,,,,,,,,,
695,30692,1,1,80,80,1,3,10,1,847,,,,,,,,,,10,,,,,,,,,,,,
696,30693,1,1,80,80,1,3,10,1,848,,,,,,,,,,10,,,,,,,,,,,,
697,30694,1,1,90,90,1,3,10,1,849,,,,,,,,,,10,,,,,,,,,,,,
698,11303,0,0,49,49,1,3,5,1,1448,,,,,,,,,,20,,,,,,,,,,,,
###################
699,11104,0,0,49,49,1,3,5,1,1444,1445,,,,,,,,,1,1,1,1,,,,,,,,,
700,11105,0,0,49,49,1,3,5,1,1445,1446,,,,,,,,,1,1,1,1,,,,,,,,,
701,11044,191,281,125,343,1,4,10,50,1145,,1148,,,,,,,,5,,5,,,,,,,,,,








