0 0
1 2
2 6
3 18
4 37
5 67
6 110
7 170
8 246
9 344
10 464
11 610
12 782
13 986
14 1221
15 1491
16 1798
17 2146
18 2534
19 2968
20 3448
21 3978
22 4558
23 5194
24 5885
25 6635
26 7446
27 8322
28 9262
29 10272
30 11352
31 12506
32 13734
33 15042
34 16429
35 17899
36 19454
37 21098
38 22830
39 24656
40 26576
41 28594
42 30710
43 32930
44 35253
45 37683
46 40222
47 42874
48 45638
49 48520
50 51520
51 54642
52 57886
53 61258
54 64757
55 68387
56 72150
57 76050
58 80086
59 84264
60 106110
61 113412
62 121149
63 129352
64 138044
65 147256
66 157019
67 167366
68 178334
69 189958
70 202282
71 215348
72 229205
73 243901
74 259495
75 276041
76 293606
77 312258
78 332071
79 353126
80 375511
81 399318
82 424655
83 451631
84 480370
85 511007
86 543686
87 578571
88 615838
89 655680
90 698312
91 743971
92 792917
93 845443
94 901868
95 962554
96 1027899
97 1098353
98 1174420
99 1256663
100 1345723
101 1442322
102 1547281
103 1661531
104 1786143
105 1922340
106 2071533
107 2235351
108 2415689
109 2614754
110 2835137
111 3079892
112 3352633
113 3657676
114 4000195
115 4386445
116 4824041
117 5322323
118 5892866
119 6550125
120 12326614
121 15496114
122 20025638
123 26821885
124 37698249
125 56734876
126 68097265
127 68290815
128 68487425
129 68687119
130 68889921
131 69095855
132 69304945
133 69517215
134 69732689
135 69951391
136 70173345
137 70398575
138 70627105
139 70858959
140 71244161
141 71342735
142 71584705
143 71830095
144 72078929
145 72331231
146 72587025
147 72846335
148 73109185
149 73615599
150 73655601
151 73929215
152 74206465
153 74487375
154 74771969
155 75060271
156 75352305
157 75648095
158 75947665
159 76421039
160 76563241
161 76874295
162 77189225
163 77508055
164 77830809
165 78157511
166 78488185
167 78822855
168 79161545
169 79724279
170 79856081
171 80206975
172 80561985
173 80921135
174 81284449
175 81651951
176 82023665
177 82399615
178 82779825
179 83434319
180 83558121
181 83951255
182 84348745
183 84750615
184 85156889
185 85567591
186 85982745
187 86402375
188 86826505
189 87575159
190 87693361
191 88131135
192 88573505
193 89020495
194 89472129
195 89928431
196 90389425
197 90855135
198 91325585
199 91800799
200 -1