sai_e_113_1,88,-1,-1,119,,,,,,,,,,1,,,,,,,,,
sai_e_113_2/3,89,-1,-1,120,,,,,,,,,,1,,,,,,,,,
sai_e_113_3/5,90,-1,-1,121,,,,,,,,,,1,,,,,,,,,
sai_e_114_1,91,-1,-1,122,,,,,,,,,,1,,,,,,,,,
sai_e_114_2/3,92,-1,-1,123,,,,,,,,,,1,,,,,,,,,
sai_e_114_3/5,93,-1,-1,124,,,,,,,,,,1,,,,,,,,,
sai_e_113&114_2/3,94,-1,-1,120,123,,,,,,,,,1,1,,,,,,,,
sai_e_51_1/2,95,-1,-1,125,,,,,,,,,,1,,,,,,,,,
sai_e_51_3/4,96,-1,-1,126,,,,,,,,,,1,,,,,,,,,
sai_e_51_4/6,97,-1,-1,127,,,,,,,,,,1,,,,,,,,,
sai_e_52_1/2,98,-1,-1,128,,,,,,,,,,1,,,,,,,,,
sai_e_52_3/4,99,-1,-1,129,,,,,,,,,,1,,,,,,,,,
sai_e_52_4/6,100,-1,-1,130,,,,,,,,,,1,,,,,,,,,
sai_e_51&52_4/6,101,-1,-1,127,130,,,,,,,,,1,1,,,,,,,,
sai_w_001_1,104,-1,-1,140,,,,,,,,,,1,,,,,,,,,
sai_w_001_2/3,105,-1,-1,141,,,,,,,,,,1,,,,,,,,,
sai_w_001_3/5,106,-1,-1,142,,,,,,,,,,1,,,,,,,,,
sai_w_003_1,107,-1,-1,143,,,,,,,,,,1,,,,,,,,,
sai_w_003_2/3,108,-1,-1,144,,,,,,,,,,1,,,,,,,,,
sai_w_003_3/5,109,-1,-1,145,,,,,,,,,,1,,,,,,,,,
sai_w_213_1/2,110,-1,-1,146,,,,,,,,,,1,,,,,,,,,
sai_w_213_2/4,111,-1,-1,147,,,,,,,,,,1,,,,,,,,,
sai_w_213_4/6,112,-1,-1,148,,,,,,,,,,1,,,,,,,,,
sai_w_212_1/2,113,-1,-1,149,,,,,,,,,,1,,,,,,,,,
sai_w_212_2/4,114,-1,-1,150,,,,,,,,,,1,,,,,,,,,
sai_w_212_4/6,115,-1,-1,151,,,,,,,,,,1,,,,,,,,,
sai_w_213&212_2/4,116,-1,-1,147,150,,,,,,,,,1,1,,,,,,,,
sai_w_213&212_4/6,117,-1,-1,148,151,,,,,,,,,1,1,,,,,,,,
sai_f_331_1,118,-1,-1,153,,,,,,,,,,1,,,,,,,,,
sai_f_331_10,119,-1,-1,152,,,,,,,,,,1,,,,,,,,,
sai_n_011_1,120,-1,-1,156,,,,,,,,,,1,,,,,,,,,
sai_n_011_8/10,121,-1,-1,157,,,,,,,,,,1,,,,,,,,,
sai_n_011_9/11,122,-1,-1,158,,,,,,,,,,1,,,,,,,,,
sai_n_013_1,124,-1,-1,160,,,,,,,,,,1,,,,,,,,,
sai_n_013_9/11,125,-1,-1,161,,,,,,,,,,,,,,,,,,,
sai_n_013_10/12,126,-1,-1,163,,,,,,,,,,1,,,,,,,,,
sai_n_013_11/13,127,-1,-1,164,,,,,,,,,,1,,,,,,,,,
sai_n_011_8/10&013_9/11,128,-1,-1,157,161,,,,,,,,,1,1,,,,,,,,
sai_n_011_9/11&013_1012,129,-1,-1,158,163,,,,,,,,,1,1,,,,,,,,
sai_n_011_10/12&013_11/13,130,-1,-1,159,164,,,,,,,,,1,1,,,,,,,,
sai_n_072_1,131,-1,-1,165,,,,,,,,,,1,,,,,,,,,
sai_n_072_10/13,132,-1,-1,167,,,,,,,,,,1,,,,,,,,,
sai_n_072_12/15,133,-1,-1,168,,,,,,,,,,1,,,,,,,,,
sai_n_072_14/17,134,-1,-1,169,,,,,,,,,,1,,,,,,,,,
sai_n_074_1,135,-1,-1,170,,,,,,,,,,1,,,,,,,,,
sai_n_074_11/14,136,-1,-1,171,,,,,,,,,,1,,,,,,,,,
sai_n_074_13/16,137,-1,-1,172,,,,,,,,,,1,,,,,,,,,
sai_n_074_15/18,139,-1,-1,173,,,,,,,,,,1,,,,,,,,,
sai_n_072_10/13&074_11/14,140,-1,-1,167,171,,,,,,,,,1,1,,,,,,,,
sai_n_072_12/15&074_13/16,141,-1,-1,168,172,,,,,,,,,1,,,,,,,,,
sai_n_072_14/17&074_15/18,142,-1,-1,169,173,,,,,,,,,1,1,,,,,,,,
sai_d_063_1,143,-1,-1,174,,,,,,,,,,1,,,,,,,,,
sai_d_063_10/14,144,-1,-1,175,,,,,,,,,,1,,,,,,,,,
sai_d_063_12/16,145,-1,-1,176,,,,,,,,,,1,,,,,,,,,
sai_d_063_16_/20,146,-1,-1,177,,,,,,,,,,1,,,,,,,,,
sai_d_064_1,147,-1,-1,178,,,,,,,,,,1,,,,,,,,,
sai_d_064_9/13,148,-1,-1,179,,,,,,,,,,1,,,,,,,,,
sai_d_064_11/15,149,-1,-1,180,,,,,,,,,,1,,,,,,,,,
sai_d_064_15/19,150,-1,-1,181,,,,,,,,,,1,,,,,,,,,
sai_d_063_10/14&064_9/13,151,-1,-1,175,179,,,,,,,,,1,1,,,,,,,,
sai_d_063_12/16&064_11/15,152,-1,-1,176,180,,,,,,,,,1,1,,,,,,,,
sai_d_063_16/20&064_15/19,153,-1,-1,177,181,,,,,,,,,1,1,,,,,,,,
sai_n_291_1,156,-1,-1,190,,,,,,,,,,1,,,,,,,,,
sai_n_291_8/10,157,-1,-1,191,,,,,,,,,,1,,,,,,,,,
sai_n_291_10/12,158,-1,-1,192,,,,,,,,,,1,,,,,,,,,
sai_n_291_12/14,159,-1,-1,193,,,,,,,,,,1,,,,,,,,,
sai_n_294_1,160,-1,-1,194,,,,,,,,,,1,,,,,,,,,
sai_n_294_9/11,161,-1,-1,195,,,,,,,,,,1,,,,,,,,,
sai_n_294_11/13,162,-1,-1,196,,,,,,,,,,1,,,,,,,,,
sai_n_294_13/15,163,-1,-1,197,,,,,,,,,,1,,,,,,,,,
sai_n_291_1&294_1,164,-1,-1,190,194,,,,,,,,,1,1,,,,,,,,
sai_n_291_8/10&294_9/11,165,-1,-1,191,195,,,,,,,,,1,1,,,,,,,,
sai_n_291_10/12&294_11/13,166,-1,-1,192,196,,,,,,,,,1,1,,,,,,,,
sai_n_294_11/13&294_13/15,167,-1,-1,196,197,,,,,,,,,1,1,,,,,,,,
sai_ei_001_15/20,169,-1,-1,255,,,,,,,,,,1,,,,,,,,,
sai_ei_003_15/20,170,-1,-1,256,,,,,,,,,,1,,,,,,,,,
sai_wi_111_1,171,-1,-1,257,,,,,,,,,,1,,,,,,,,,
sai_wi_111_15/20,172,-1,-1,258,,,,,,,,,,1,,,,,,,,,
sai_wi_113_15/20,173,-1,-1,259,,,,,,,,,,1,,,,,,,,,
sai_wi_114_15/20,174,-1,-1,260,,,,,,,,,,1,,,,,,,,,
sai_wi_111&113&114_15/20,175,-1,-1,258,259,260,,,,,,,,1,1,1,,,,,,,
sai_sf_051_6/8,176,-1,-1,263,,,,,,,,,,1,,,,,,,,,
sai_sf_052_5/7,177,-1,-1,265,,,,,,,,,,1,,,,,,,,,
sai_sf_051_6/8&052_5/7,178,-1,-1,263,265,,,,,,,,,1,1,,,,,,,,
sai_sf_212_5/7,179,-1,-1,262,,,,,,,,,,1,,,,,,,,,
sai_sf_213_6/8,180,-1,-1,261,,,,,,,,,,1,,,,,,,,,
sai_sf_212_5/7&213_6/8,181,-1,-1,262,261,,,,,,,,,1,1,,,,,,,,
dan_1_01_041_1,182,-1,-1,266,,,,,,,,,,1,,,,,,,,,
dan_1_00_051_20/22,183,-1,-1,267,,,,,,,,,,1,,,,,,,,,
dan_1_00_051_21/23,184,-1,-1,268,,,,,,,,,,1,,,,,,,,,
dan_1_00_051_21/23,185,-1,-1,269,,,,,,,,,,1,,,,,,,,,
dan_1_00_051_28/30,186,-1,-1,270,,,,,,,,,,1,,,,,,,,,
dan_1_01_042_1,187,-1,-1,271,,,,,,,,,,1,,,,,,,,,
dan_1_00_052_20/22,188,-1,-1,272,,,,,,,,,,1,,,,,,,,,
dan_1_00_052_21/23,189,-1,-1,273,,,,,,,,,,1,,,,,,,,,
dan_1_00_052_21/23,190,-1,-1,274,,,,,,,,,,1,,,,,,,,,
dan_1_00_052_28/30,191,-1,-1,275,,,,,,,,,,1,,,,,,,,,
dan_1_00_051&052_20/22,192,-1,-1,267,272,,,,,,,,,1,1,,,,,,,,
dan_1_00_051&052_21/23,193,-1,-1,268,273,,,,,,,,,1,1,,,,,,,,
dan_1_00_051&052_21/23,194,-1,-1,269,274,,,,,,,,,1,1,,,,,,,,
dan_1_00_051&052_28/30,195,-1,-1,270,275,,,,,,,,,1,1,,,,,,,,
dan_1_00_41_22/24,197,-1,-1,278,,,,,,,,,,1,,,,,,,,,
dan_1_00_41_25/27,198,-1,-1,280,,,,,,,,,,1,,,,,,,,,
dan_1_00_42_22/24,201,-1,-1,282,,,,,,,,,,1,,,,,,,,,
dan_1_00_42_25/27,202,-1,-1,283,,,,,,,,,,1,,,,,,,,,
dan_1_00_41&42__22/24,203,-1,-1,278,282,,,,,,,,,1,1,,,,,,,,
dan_1_00_41&42__25/27,204,-1,-1,280,283,,,,,,,,,1,1,,,,,,,,
sai_n_011_10/12,205,-1,-1,159,,,,,,,,,,1,,,,,,,,,
dan_1_01_41_20/21,206,-1,-1,285,,,,,,,,,,1,,,,,,,,,
dan_1_01_41_21/23,207,-1,-1,286,,,,,,,,,,1,,,,,,,,,
dan_1_01_41_23/25,208,-1,-1,287,,,,,,,,,,1,,,,,,,,,
dan_1_01_42_1,209,-1,-1,271,,,,,,,,,,1,,,,,,,,,
dan_1_01_42_20/23,210,-1,-1,289,,,,,,,,,,1,,,,,,,,,
dan_1_01_42_22/25,211,-1,-1,290,,,,,,,,,,1,,,,,,,,,
dan_1_01_42_24/26,212,-1,-1,291,,,,,,,,,,1,,,,,,,,,
dan_1_01_41_20/21&42_20/23,213,-1,-1,285,289,,,,,,,,,1,1,,,,,,,,
dan_1_01_41_20/21&42_22/25,214,-1,-1,286,290,,,,,,,,,1,1,,,,,,,,
dan_1_01_41_23/25&42_24/26,215,-1,-1,287,291,,,,,,,,,1,1,,,,,,,,
dan_1_01_041_1,216,-1,-1,266,,,,,,,,,,1,,,,,,,,,
jal_e_31_1,226,-1,-1,369,,,,,,,,,,1,,,,,,,,,
jal_e_31_1/2,227,-1,-1,370,,,,,,,,,,1,,,,,,,,,
jal_e_31_2/4,228,-1,-1,371,,,,,,,,,,1,,,,,,,,,
jal_e_32_1,229,-1,-1,372,,,,,,,,,,1,,,,,,,,,
jal_e_32_1/2,230,-1,-1,373,,,,,,,,,,1,,,,,,,,,
jal_e_32_2/4,231,-1,-1,374,,,,,,,,,,1,,,,,,,,,
jal_e_31_1/2&32_1/2,232,-1,-1,370,373,,,,,,,,,1,1,,,,,,,,
jal_e_31_2/4&32_2/4,233,-1,-1,371,374,,,,,,,,,1,1,,,,,,,,
jal_e_103_1/2,234,-1,-1,378,,,,,,,,,,1,,,,,,,,,
jal_e_103_2/4,235,-1,-1,379,,,,,,,,,,1,,,,,,,,,
jal_e_103_3/5,236,-1,-1,380,,,,,,,,,,1,,,,,,,,,
jal_e_211_1/2,237,-1,-1,375,,,,,,,,,,1,,,,,,,,,
jal_e_211_3/5,238,-1,-1,376,,,,,,,,,,1,,,,,,,,,
jal_e_211_4/6,239,-1,-1,377,,,,,,,,,,1,,,,,,,,,
jal_w_101_1,240,-1,-1,382,,,,,,,,,,1,,,,,,,,,
jal_w_101_1/2,241,-1,-1,383,,,,,,,,,,1,,,,,,,,,
jal_w_101_2/4,242,-1,-1,384,,,,,,,,,,1,,,,,,,,,
jal_w_104_1,243,-1,-1,385,,,,,,,,,,1,,,,,,,,,
jal_w_104_1/2,244,-1,-1,386,,,,,,,,,,1,,,,,,,,,
jal_w_104_2/4,245,-1,-1,387,,,,,,,,,,1,,,,,,,,,
jal_w_101_1/2&104_1/2,246,-1,-1,383,386,,,,,,,,,1,1,,,,,,,,
jal_w_101_2/4&104_2/4,247,-1,-1,384,387,,,,,,,,,1,1,,,,,,,,
jal_w_221_1/2,248,-1,-1,394,,,,,,,,,,1,,,,,,,,,
jal_w_221_2/3,249,-1,-1,395,,,,,,,,,,1,,,,,,,,,
jal_w_33_1/2,254,-1,-1,388,,,,,,,,,,1,,,,,,,,,
jal_w_33_2/4,255,-1,-1,389,,,,,,,,,,1,,,,,,,,,
jal_w_33_3/5,256,-1,-1,390,,,,,,,,,,1,,,,,,,,,
jal_w_62_1/2,257,-1,-1,391,,,,,,,,,,1,,,,,,,,,
jal_w_62_3/5,258,-1,-1,392,,,,,,,,,,1,,,,,,,,,
jal_w_62_4/6,259,-1,-1,393,,,,,,,,,,1,,,,,,,,,
jal_s_181_1,260,-1,-1,406,,,,,,,,,,1,,,,,,,,,
jal_s_181_12/15,261,-1,-1,407,,,,,,,,,,1,,,,,,,,,
jal_s_181_14/17,262,-1,-1,408,,,,,,,,,,1,,,,,,,,,
jal_s_181_16/18,263,-1,-1,409,,,,,,,,,,1,,,,,,,,,
jal_s_182_1,264,-1,-1,410,,,,,,,,,,1,,,,,,,,,
jal_s_182_11/14,265,-1,-1,411,,,,,,,,,,1,,,,,,,,,
jal_s_182_13/16,266,-1,-1,412,,,,,,,,,,1,,,,,,,,,
jal_s_182_15/18,267,-1,-1,413,,,,,,,,,,1,,,,,,,,,
jal_s_181_12/15&182_11/14,268,-1,-1,407,411,,,,,,,,,1,1,,,,,,,,
jal_s_181_14/17&182_13/16,269,-1,-1,408,412,,,,,,,,,1,1,,,,,,,,
jal_s_181_16/18&182_15/18,270,-1,-1,409,413,,,,,,,,,1,1,,,,,,,,
jal_s_191_1,271,-1,-1,414,,,,,,,,,,1,,,,,,,,,
jal_s_191_14/16,272,-1,-1,415,,,,,,,,,,1,,,,,,,,,
jal_s_191_16/18,273,-1,-1,416,,,,,,,,,,1,,,,,,,,,
jal_s_191_18/20,274,-1,-1,417,,,,,,,,,,1,,,,,,,,,
jal_s_192_1,275,-1,-1,418,,,,,,,,,,1,,,,,,,,,
jal_s_192_14/16,276,-1,-1,419,,,,,,,,,,1,,,,,,,,,
jal_s_192_16/18,277,-1,-1,420,,,,,,,,,,1,,,,,,,,,
jal_s_192_18/20,278,-1,-1,421,,,,,,,,,,1,,,,,,,,,
jal_s_191_14/16&192_14/16,279,-1,-1,415,419,,,,,,,,,1,1,,,,,,,,
jal_s_191_16/18&192_16/18,280,-1,-1,416,420,,,,,,,,,1,1,,,,,,,,
jal_s_191_18/20&192_18/20,281,-1,-1,417,421,,,,,,,,,1,1,,,,,,,,
jal_s_292_1,282,-1,-1,398,,,,,,,,,,1,,,,,,,,,
jal_s_292_10/13,283,-1,-1,399,,,,,,,,,,1,,,,,,,,,
jal_s_292_12/15,284,-1,-1,400,,,,,,,,,,1,,,,,,,,,
jal_s_292_14/16,285,-1,-1,401,,,,,,,,,,1,,,,,,,,,
jal_s_293_1,286,-1,-1,402,,,,,,,,,,1,,,,,,,,,
jal_s_293_10/13,287,-1,-1,403,,,,,,,,,,1,,,,,,,,,
jal_s_293_12/15,288,-1,-1,404,,,,,,,,,,1,,,,,,,,,
jal_s_293_14/16,289,-1,-1,405,,,,,,,,,,1,,,,,,,,,
jal_s_292_10/13&293_10/13,290,-1,-1,399,403,,,,,,,,,1,1,,,,,,,,
jal_s_292_12/15&293_12/15,291,-1,-1,400,404,,,,,,,,,1,1,,,,,,,,
jal_s_292_14/16&293_14/16,292,-1,-1,401,405,,,,,,,,,1,1,,,,,,,,
jal_s_221_15/17,293,-1,-1,422,,,,,,,,,,1,,,,,,,,,
jal_s_221_16/18,294,-1,-1,423,,,,,,,,,,1,,,,,,,,,
jal_s_221_18/20,295,-1,-1,424,,,,,,,,,,1,,,,,,,,,
jal_s_224_15/17,296,-1,-1,425,,,,,,,,,,1,,,,,,,,,
jal_s_224_16/18,297,-1,-1,426,,,,,,,,,,1,,,,,,,,,
jal_s_224_18/20,298,-1,-1,427,,,,,,,,,,1,,,,,,,,,
jal_s_221_15/17&224_15/17,299,-1,-1,422,425,,,,,,,,,1,1,,,,,,,,
jal_s_221_16/18&224_16/18,300,-1,-1,423,426,,,,,,,,,1,1,,,,,,,,
jal_s_221_18/20&224_18/20,301,-1,-1,424,427,,,,,,,,,1,1,,,,,,,,
jal_I_101_10/12,302,-1,-1,428,,,,,,,,,,1,,,,,,,,,
jal_I_103_10/12,303,-1,-1,429,,,,,,,,,,1,,,,,,,,,
jal_I_104_10/12,304,-1,-1,430,,,,,,,,,,1,,,,,,,,,
jal_I_101_3_15/20,305,-1,-1,428,429,430,,,,,,,,1,1,1,,,,,,,
jal_I_14_1,306,-1,-1,433,,,,,,,,,,1,,,,,,,,,
jal_I_14_8/10,307,-1,-1,434,,,,,,,,,,1,,,,,,,,,
jal_I_211_6/9,308,-1,-1,431,,,,,,,,,,1,,,,,,,,,
jal_I_62_6/9,309,-1,-1,432,,,,,,,,,,1,,,,,,,,,
jal_I_31_10/12,310,-1,-1,435,,,,,,,,,,1,,,,,,,,,
jal_I_32_10/12,311,-1,-1,436,,,,,,,,,,1,,,,,,,,,
jal_I_33_10/12,312,-1,-1,437,,,,,,,,,,1,,,,,,,,,
jal_I_31_3_10/12,313,-1,-1,435,436,437,,,,,,,,1,1,1,,,,,,,
jal_I_243_1,314,-1,-1,438,,,,,,,,,,1,,,,,,,,,
jal_I_243_18/20,315,-1,-1,439,,,,,,,,,,1,,,,,,,,,
jal_I_224_1,316,-1,-1,396,,,,,,,,,,1,,,,,,,,,
dan_1_02_222_1,317,-1,-1,442,,,,,,,,,,1,,,,,,,,,
dan_1_02_222_18/22,318,-1,-1,443,,,,,,,,,,1,,,,,,,,,
dan_1_02_223_1,319,-1,-1,446,,,,,,,,,,1,,,,,,,,,
dan_1_02_223_18/22,320,-1,-1,447,,,,,,,,,,1,,,,,,,,,
dan_1_02_222&223_18/22,321,-1,-1,443,447,,,,,,,,,1,1,,,,,,,,
dan_1_02_102_20/30,322,-1,-1,452,,,,,,,,,,1,,,,,,,,,
dan_1_02_112_20/30,323,-1,-1,453,,,,,,,,,,1,,,,,,,,,
dan_1_02_2_20/30,324,-1,-1,450,,,,,,,,,,1,,,,,,,,,
dan_1_02_34_20/30,325,-1,-1,451,,,,,,,,,,1,,,,,,,,,
dan_1_02_s4,326,-1,-1,452,451,453,450,,,,,,,1,1,1,1,,,,,,
dan_2_03_21_1,328,-1,-1,455,,,,,,,,,,1,,,,,,,,,
dan_2_03_21_25/28,329,-1,-1,456,,,,,,,,,,1,,,,,,,,,
dan_2_03_22_1,330,-1,-1,457,,,,,,,,,,1,,,,,,,,,
dan_2_03_22_28/30,331,-1,-1,458,,,,,,,,,,1,,,,,,,,,
dan_2_03_21_25/28&22_28/30,332,-1,-1,456,458,,,,,,,,,5,1,,,,,,,,
dan_2_01_183_1,333,-1,-1,459,,,,,,,,,,1,,,,,,,,,
dan_2_01_183_10/13,334,-1,-1,460,,,,,,,,,,1,,,,,,,,,
dan_2_01_183_12/15,335,-1,-1,461,,,,,,,,,,1,,,,,,,,,
dan_2_01_184_1,336,-1,-1,462,,,,,,,,,,1,,,,,,,,,
dan_2_01_184_10/13,337,-1,-1,463,,,,,,,,,,1,,,,,,,,,
dan_2_01_184_12/15,338,-1,-1,464,,,,,,,,,,1,,,,,,,,,
dan_2_01_183&184_10/13,339,-1,-1,460,463,,,,,,,,,1,1,,,,,,,,
dan_2_01_183&184_12/15,340,-1,-1,461,464,,,,,,,,,1,1,,,,,,,,
dan_2_04_172_1,341,-1,-1,465,,,,,,,,,,1,,,,,,,,,
dan_2_04_172_10/13,342,-1,-1,466,,,,,,,,,,1,,,,,,,,,
dan_2_04_172_12/14,343,-1,-1,467,,,,,,,,,,1,,,,,,,,,
dan_2_04_172_13/15,344,-1,-1,468,,,,,,,,,,1,,,,,,,,,
dan_2_04_333_1,345,-1,-1,469,,,,,,,,,,1,,,,,,,,,
dan_2_04_333_10/13,346,-1,-1,470,,,,,,,,,,1,,,,,,,,,
dan_2_04_333_12/14,347,-1,-1,471,,,,,,,,,,1,,,,,,,,,
dan_2_04_333_13/15,348,-1,-1,472,,,,,,,,,,1,,,,,,,,,
jal_s_ban,349,-1,-1,473,474,,,,,,,,,10,1,,,,,,,,
sai_n_thi,350,-1,-1,485,486,,,,,,,,,10,1,,,,,,,,
dan_1_11_thi_45/47&p1,351,-1,-1,496,487,,,,,,,,,1,1,,,,,,,,
dan_1_11_thi_45/47&p2,352,-1,-1,496,490,,,,,,,,,1,1,,,,,,,,
dan_1_11_thi_45/47&p3,353,-1,-1,496,493,,,,,,,,,1,1,,,,,,,,
dan_1_11_thi_46/48&p1,354,-1,-1,497,488,,,,,,,,,1,1,,,,,,,,
dan_1_11_thi_46/48&p2,355,-1,-1,497,491,,,,,,,,,1,1,,,,,,,,
dan_1_11_thi_46/48&p3,356,-1,-1,497,494,,,,,,,,,1,1,,,,,,,,
dan_1_11_thi_47/49&p1,357,-1,-1,498,489,,,,,,,,,1,1,,,,,,,,
dan_1_11_thi_47/49&p2,358,-1,-1,498,492,,,,,,,,,1,1,,,,,,,,
dan_1_11_thi_47/49&p3,359,-1,-1,498,495,,,,,,,,,1,1,,,,,,,,
dan_1_10_53_1,360,-1,-1,499,,,,,,,,,,1,,,,,,,,,
dan_1_10_53_10/13,361,-1,-1,500,,,,,,,,,,1,,,,,,,,,
dan_1_10_53_12/14,362,-1,-1,501,,,,,,,,,,1,,,,,,,,,
dan_1_10_54_1,363,-1,-1,502,,,,,,,,,,1,,,,,,,,,
dan_1_10_54_11/13,364,-1,-1,503,,,,,,,,,,1,,,,,,,,,
dan_1_10_54_13/15,365,-1,-1,504,,,,,,,,,,1,,,,,,,,,
dan_1_10_53_10/13&54_11/13,366,-1,-1,500,503,,,,,,,,,1,1,,,,,,,,
dan_1_10_53_12/14&54_13/15,367,-1,-1,501,504,,,,,,,,,1,1,,,,,,,,
dan_1_06_81_1,368,-1,-1,505,,,,,,,,,,1,,,,,,,,,
dan_1_06_81_10/11,369,-1,-1,506,,,,,,,,,,1,,,,,,,,,
dan_1_06_81_12/13,370,-1,-1,507,,,,,,,,,,1,,,,,,,,,
dan_1_06_81_14/15,371,-1,-1,508,,,,,,,,,,1,,,,,,,,,
dan_1_06_82_1,372,-1,-1,509,,,,,,,,,,1,,,,,,,,,
dan_1_06_82_10/11,373,-1,-1,510,,,,,,,,,,1,,,,,,,,,
dan_1_06_82_12/13,374,-1,-1,511,,,,,,,,,,1,,,,,,,,,
dan_1_06_82_14/15,375,-1,-1,512,,,,,,,,,,1,,,,,,,,,
dan_1_06_81&82_10/11,376,-1,-1,506,510,,,,,,,,,1,1,,,,,,,,
dan_1_06_81&82_12/13,377,-1,-1,507,511,,,,,,,,,1,1,,,,,,,,
dan_1_06_81&82_14/15,378,-1,-1,508,512,,,,,,,,,1,1,,,,,,,,
dan_1_07_332_1,379,-1,-1,523,,,,,,,,,,1,,,,,,,,,
dan_1_07_332_25/28,380,-1,-1,524,,,,,,,,,,1,,,,,,,,,
dan_1_07_332_27/30,381,-1,-1,525,,,,,,,,,,1,,,,,,,,,
dan_1_07_83_1,382,-1,-1,520,,,,,,,,,,1,,,,,,,,,
dan_1_07_83_25/28,383,-1,-1,521,,,,,,,,,,1,,,,,,,,,
dan_1_07_83_27/30,384,-1,-1,522,,,,,,,,,,1,,,,,,,,,
dan_1_04_44_1,385,-1,-1,530,,,,,,,,,,1,,,,,,,,,
dan_1_04_44_30/31,386,-1,-1,531,,,,,,,,,,1,,,,,,,,,
dan_1_04_44_32/33,387,-1,-1,532,,,,,,,,,,,,,,,,,,,
dan_1_04_44_34/35,388,-1,-1,533,,,,,,,,,,1,,,,,,,,,
dan_1_04_174_1,389,-1,-1,534,,,,,,,,,,1,,,,,,,,,
dan_1_04_174_30/31,390,-1,-1,535,,,,,,,,,,1,,,,,,,,,
dan_1_04_174_32/33,391,-1,-1,536,,,,,,,,,,1,,,,,,,,,
dan_1_04_174_34/35,392,-1,-1,537,,,,,,,,,,1,,,,,,,,,
fooba,393,2447,-1,538,,,,,,,,,,1,,,,,,,,,
katrenu,394,2456,-1,539,,,,,,,,,,1,,,,,,,,,
dan_2_08_331_25/26,395,-1,-1,540,,,,,,,,,,1,,,,,,,,,
dan_2_08_331_27/28,396,-1,-1,541,,,,,,,,,,1,,,,,,,,,
dan_2_08_332_26/27,397,-1,-1,542,,,,,,,,,,1,,,,,,,,,
dan_2_08_332_28/29,398,-1,-1,543,,,,,,,,,,1,,,,,,,,,
dan_2_08_333_27/28,399,-1,-1,544,,,,,,,,,,1,,,,,,,,,
dan_2_08_333_29/30,400,-1,-1,545,,,,,,,,,,1,,,,,,,,,
dan_2_08_all,403,-1,-1,540,541,542,543,544,545,,,,,10,10,10,10,10,10,,,,
疾速之龙,404,2505,-1,562,545,,,,,,,,,1,1,,,,,,,,
刚气之龙,405,2505,-1,560,543,,,,,,,,,1,1,,,,,,,,
刚格之龙,406,2505,-1,559,541,,,,,,,,,1,1,,,,,,,,
木,407,-1,-1,563,,,,,,,,,,1,,,,,,,,,
一级矿石,408,2475,-1,581,584,,,,,,,,,10,1,,,,,,,,
特级矿石,409,2476,-1,582,584,,,,,,,,,10,1,,,,,,,,
超特级矿石,410,2477,-1,583,584,,,,,,,,,10,1,,,,,,,,
一级矿石小偷,411,2469,-1,584,,,,,,,,,,1,,,,,,,,,
特级矿石小偷,412,2470,-1,584,,,,,,,,,,1,,,,,,,,,
超特级矿石小偷,413,2471,-1,584,,,,,,,,,,1,,,,,,,,,
木,414,2478,-1,563,,,,,,,,,,1,,,,,,,,,
dan_2_05_43_1,415,-1,-1,726,,,,,,,,,,1,,,,,,,,,
dan_2_05_43_13/15,416,-1,-1,727,,,,,,,,,,1,,,,,,,,,
dan_2_05_43_15/17,417,-1,-1,728,,,,,,,,,,1,,,,,,,,,
dan_2_05_43_17/19,418,-1,-1,729,,,,,,,,,,1,,,,,,,,,
dan_2_05_62_10/12,419,-1,-1,723,,,,,,,,,,1,,,,,,,,,
dan_2_05_62_12/14,420,-1,-1,724,,,,,,,,,,1,,,,,,,,,
dan_2_05_62_14/16,421,-1,-1,725,,,,,,,,,,1,,,,,,,,,
米金恩斯基,422,2464,-1,731,1073,,,,,,,,,1,1,,,,,,,,
dan_2_06_ban,423,-1,-1,732,733,734,735,736,737,738,,,,1,1,1,1,1,1,1,,,
SBC_1/12/13,424,-1,-1,945,946,964,,,,,,,,2,1,1,,,,,,,
SBC_14/15/16,425,-1,-1,947,948,965,,,,,,,,2,1,1,,,,,,,
SBC_17/18,426,-1,-1,949,950,966,,,,,,,,2,1,1,,,,,,,
JBA_1/2/3/4/5,427,-1,-1,951,952,967,,,,,,,,2,1,1,,,,,,,
JBA_6/7/8,428,-1,-1,953,954,968,,,,,,,,2,1,1,,,,,,,
JBA_9/10,429,-1,-1,955,956,969,,,,,,,,2,1,1,,,,,,,
强恩三人组,430,-1,-1,958,959,960,,,,,,,,1,1,1,,,,,,,
dan_1_11_thi_45/48,431,-1,-1,497,498,496,,,,,,,,1,1,1,,,,,,,
gil_s_141_1,432,-1,-1,976,,,,,,,,,,1,,,,,,,,,
gil_s_141_40/42,433,-1,-1,977,,,,,,,,,,1,,,,,,,,,
gil_s_141_41/43,434,-1,-1,978,,,,,,,,,,1,,,,,,,,,
gil_s_193_1,435,-1,-1,973,,,,,,,,,,1,,,,,,,,,
gil_s_193_40/42,436,-1,-1,974,,,,,,,,,,1,,,,,,,,,
gil_s_193_41/43,437,-1,-1,975,,,,,,,,,,1,,,,,,,,,
gil_s_93_1,438,-1,-1,979,,,,,,,,,,1,,,,,,,,,
gil_s_93_43/45,439,-1,-1,980,,,,,,,,,,1,,,,,,,,,
gil_s_95_1,440,-1,-1,981,,,,,,,,,,1,,,,,,,,,
gil_s_95_43/45,441,-1,-1,982,,,,,,,,,,1,,,,,,,,,
gil_s_93&95_43/45,442,-1,-1,980,982,,,,,,,,,1,1,,,,,,,,
gil_n_92_1,443,-1,-1,983,,,,,,,,,,1,,,,,,,,,
gil_n_92_45/47,444,-1,-1,984,,,,,,,,,,1,,,,,,,,,
gil_n_94_1,445,-1,-1,985,,,,,,,,,,1,,,,,,,,,
gil_n_94_44_46,446,-1,-1,986,,,,,,,,,,1,,,,,,,,,
gil_n_92&94_45/47,447,-1,-1,984,986,,,,,,,,,1,1,,,,,,,,
gil_n_263_1,448,-1,-1,987,,,,,,,,,,1,,,,,,,,,
gil_n_263_48/50,449,-1,-1,988,,,,,,,,,,1,,,,,,,,,
gil_n_264_1,450,-1,-1,989,,,,,,,,,,1,,,,,,,,,
gil_n_264_48/50,451,-1,-1,990,,,,,,,,,,1,,,,,,,,,
gil_n_263&264_48/50,452,-1,-1,988,990,,,,,,,,,1,1,,,,,,,,
dan_3_12_142_1,454,-1,-1,991,,,,,,,,,,1,,,,,,,,,
dan_3_12_142_40/42,455,-1,-1,992,,,,,,,,,,1,,,,,,,,,
dan_3_12_142_43/45,456,-1,-1,993,,,,,,,,,,1,,,,,,,,,
dan_3_12_144_1,457,-1,-1,994,,,,,,,,,,1,,,,,,,,,
dan_3_12_144_40/42,458,-1,-1,995,,,,,,,,,,1,,,,,,,,,
dan_3_12_142&144_40/42,459,-1,-1,992,995,,,,,,,,,1,1,,,,,,,,
dan_3_12_142&144_43/45,460,-1,-1,993,996,,,,,,,,,1,1,,,,,,,,
dan_3_12_144_43/45,461,-1,-1,996,,,,,,,,,,1,,,,,,,,,
gil_s_71_1,462,-1,-1,997,,,,,,,,,,1,,,,,,,,,
gil_s_71_41/43,463,-1,-1,998,,,,,,,,,,1,,,,,,,,,
gil_s_73_1,464,-1,-1,999,,,,,,,,,,1,,,,,,,,,
gil_s_73_41/43,465,-1,-1,1000,,,,,,,,,,1,,,,,,,,,
gil_s_71&73_41/43,466,-1,-1,998,1000,,,,,,,,,1,1,,,,,,,,
dan_3_13&15_221_35/36,467,-1,-1,1005,,,,,,,,,,1,,,,,,,,,
dan_3_13&15_222_35/38,468,-1,-1,1006,,,,,,,,,,1,,,,,,,,,
dan_3_13&15_223_35/38,469,-1,-1,1007,,,,,,,,,,1,,,,,,,,,
dan_3_13&15_224_35/38,470,-1,-1,1008,,,,,,,,,,1,,,,,,,,,
dan_3_13&15_22all_35/36,471,-1,-1,1005,1006,1007,1008,,,,,,,1,1,1,1,,,,,,
dan_3_14_242_1,472,-1,-1,1009,,,,,,,,,,1,,,,,,,,,
dan_3_14_242_38/40,473,-1,-1,1010,,,,,,,,,,1,,,,,,,,,
dan_3_14_243_38/40,475,-1,-1,1011,,,,,,,,,,1,,,,,,,,,
dan_3_14_242&243_38/40,477,-1,-1,1010,1011,,,,,,,,,1,1,,,,,,,,
dan_3_17_11_50/52,478,-1,-1,1016,,,,,,,,,,1,,,,,,,,,
dan_3_17_11_52/54,479,-1,-1,1017,,,,,,,,,,1,,,,,,,,,
dan_3_17_11_54/56,480,-1,-1,1018,,,,,,,,,,1,,,,,,,,,
dan_3_17_13_51/53,481,-1,-1,1019,,,,,,,,,,1,,,,,,,,,
dan_3_17_13_53/55,482,-1,-1,1020,,,,,,,,,,1,,,,,,,,,
dan_3_17_13_55/57,483,-1,-1,1021,,,,,,,,,,1,,,,,,,,,
dan_3_17_14_52/54,484,-1,-1,1022,,,,,,,,,,1,,,,,,,,,
dan_3_17_14_54/56,485,-1,-1,1023,,,,,,,,,,1,,,,,,,,,
dan_3_17_14_56/58,486,-1,-1,1024,,,,,,,,,,1,,,,,,,,,
dan_3_17_50/54,487,-1,-1,1016,1019,1022,,,,,,,,1,1,1,,,,,,,
dan_3_17_52/56,488,-1,-1,1017,1020,1023,,,,,,,,1,1,1,,,,,,,
dan_3_17_54/58,489,-1,-1,1018,1021,1024,,,,,,,,1,1,1,,,,,,,
dan_3_16_62_45/47,490,-1,-1,1025,,,,,,,,,,1,,,,,,,,,
dan_3_16_62_47/50,491,-1,-1,1026,,,,,,,,,,1,,,,,,,,,
dan_3_16_63_45/48,492,-1,-1,1027,,,,,,,,,,1,,,,,,,,,
dan_3_16_63_47/50,493,-1,-1,1028,,,,,,,,,,1,,,,,,,,,
dan_3_16_64_45/48,494,-1,-1,1029,,,,,,,,,,1,,,,,,,,,
dan_3_16_64_47/50,495,-1,-1,1030,,,,,,,,,,1,,,,,,,,,
dan_3_16_6234_45/47,496,-1,-1,1025,1027,1029,,,,,,,,1,1,1,,,,,,,
dan_3_16_6234_47/50,497,-1,-1,1026,1028,1030,,,,,,,,1,1,1,,,,,,,
dan_3_18_233_1,498,-1,-1,1035,,,,,,,,,,1,,,,,,,,,
dan_3_18_233_60/63,499,-1,-1,1036,,,,,,,,,,1,,,,,,,,,
dan_3_18_301_1,500,-1,-1,1037,,,,,,,,,,1,,,,,,,,,
dan_3_18_301_60/63,501,-1,-1,1038,,,,,,,,,,1,,,,,,,,,
dan_3_18_181_50/53,502,-1,-1,1039,,,,,,,,,,1,,,,,,,,,
dan_3_18_181_53/55,503,-1,-1,1040,,,,,,,,,,1,,,,,,,,,
dan_3_18_184_50/53,504,-1,-1,1041,,,,,,,,,,1,,,,,,,,,
dan_3_18_184_53/55,505,-1,-1,1042,,,,,,,,,,1,,,,,,,,,
dan_3_18_181&184_50/53,506,-1,-1,1039,1041,,,,,,,,,1,1,,,,,,,,
dan_3_18_181&184_53/55,507,-1,-1,1040,1042,,,,,,,,,1,1,,,,,,,,
阿斯玛鲁原石,508,2536,-1,1040,1042,1043,,,,,,,,1,1,1,,,,,,,
dan_3_19_261_1,509,-1,-1,1052,,,,,,,,,,1,,,,,,,,,
dan_3_19_261_55/57,511,-1,-1,1053,,,,,,,,,,1,,,,,,,,,
dan_3_19_261_57/59,512,-1,-1,1054,,,,,,,,,,1,,,,,,,,,
dan_3_19_261_59/61,513,-1,-1,1055,,,,,,,,,,1,,,,,,,,,
dan_3_19_262_1,514,-1,-1,1056,,,,,,,,,,1,,,,,,,,,
dan_3_19_262_55/57,515,-1,-1,1057,,,,,,,,,,1,,,,,,,,,
dan_3_19_262_57/59,516,-1,-1,1058,,,,,,,,,,1,,,,,,,,,
dan_3_19_262_59/61,517,-1,-1,1059,,,,,,,,,,1,,,,,,,,,
dan_3_19_261&262_55/57,518,-1,-1,1053,1057,,,,,,,,,1,1,,,,,,,,
dan_3_19_261&262_57/59,519,-1,-1,1054,1058,,,,,,,,,1,1,,,,,,,,
dan_3_19_261&262_59/61,520,-1,-1,1055,1059,,,,,,,,,1,1,,,,,,,,
心性之镜1,521,2532,-1,1055,1059,1060,,,,,,,,1,1,1,,,,,,,
心性之镜2,522,2547,-1,1055,1059,1060,,,,,,,,1,1,1,,,,,,,
400_291_36/38,523,-1,-1,1061,,,,,,,,,,1,,,,,,,,,
400_292_36/38,524,-1,-1,1062,,,,,,,,,,1,,,,,,,,,
400_293_36/38,525,-1,-1,1063,,,,,,,,,,1,,,,,,,,,
400_294_36/38,526,-1,-1,1064,,,,,,,,,,1,,,,,,,,,
400_29all_36/38,527,-1,-1,1061,1062,1063,1064,,,,,,,1,1,1,1,,,,,,
400_253_1,528,-1,-1,1065,,,,,,,,,,1,,,,,,,,,
400_253_40/45,529,-1,-1,1066,,,,,,,,,,1,,,,,,,,,
dan_3_02_172_46/48,530,-1,-1,1067,,,,,,,,,,1,,,,,,,,,
dan_3_02_174_46/48,531,-1,-1,1068,,,,,,,,,,1,,,,,,,,,
dan_3_02_172&174_46/48,532,-1,-1,1067,1068,,,,,,,,,1,1,,,,,,,,
dan_3_01_41_44/46,533,-1,-1,1069,,,,,,,,,,1,,,,,,,,,
dan_3_01_42_44/46,534,-1,-1,1070,,,,,,,,,,1,,,,,,,,,
dan_3_01_43_44/46,535,-1,-1,1071,,,,,,,,,,1,,,,,,,,,
dan_3_01_44_44/46,536,-1,-1,1072,,,,,,,,,,1,,,,,,,,,
dan_3_01_4all_44/46,537,-1,-1,1069,1070,1071,1072,,,,,,,1,1,1,1,,,,,,
曼模竿,539,2481,-1,1074,,,,,,,,,,1,,,,,,,,,
特沙金竿,540,2481,-1,1075,,,,,,,,,,1,,,,,,,,,
卡库尔竿,541,2481,-1,1076,,,,,,,,,,1,,,,,,,,,
材料克克洛斯,542,2596,-1,1077,1084,1085,,,,,,,,3,1,1,,,,,,,
dan_2_09_291_23/30,543,-1,-1,1084,,,,,,,,,,1,,,,,,,,,
dan_2_09_294_23/30,544,-1,-1,1085,,,,,,,,,,1,,,,,,,,,
dan_2_09_291&294_23/30,545,-1,-1,1084,1085,,,,,,,,,1,1,,,,,,,,
材料特里诺布斯,546,2595,-1,1078,1082,1083,,,,,,,,3,1,1,,,,,,,
dan_2_09_212_15/22,547,-1,-1,1082,,,,,,,,,,1,,,,,,,,,
dan_2_09_213_15/22,548,-1,-1,1083,,,,,,,,,,1,,,,,,,,,
dan_2_09_212&213_15/22,549,-1,-1,1082,1083,,,,,,,,,1,1,,,,,,,,
材料龟之盾,550,2594,-1,1079,1080,1081,,,,,,,,3,1,1,,,,,,,
dan_2_09_52_10/19,551,-1,-1,1080,,,,,,,,,,1,,,,,,,,,
dan_2_09_53_10/19,552,-1,-1,1081,,,,,,,,,,1,,,,,,,,,
dan_2_09_52&53_10/19,553,-1,-1,1080,1081,,,,,,,,,1,1,,,,,,,,
dan_4_01_111_40/42,554,-1,-1,1089,,,,,,,,,,1,,,,,,,,,
dan_4_01_63_40/42,555,-1,-1,1090,,,,,,,,,,1,,,,,,,,,
dan_4_01_74_40/42,556,-1,-1,1091,,,,,,,,,,1,,,,,,,,,
dan_4_01_65_1,557,-1,-1,1092,,,,,,,,,,1,,,,,,,,,
dan_4_01_65_40/42,558,-1,-1,1093,,,,,,,,,,1,,,,,,,,,
dan_4_01_114_40/42,559,-1,-1,1094,,,,,,,,,,1,,,,,,,,,
dan_4_01_72_40/42,561,-1,-1,1088,,,,,,,,,,1,,,,,,,,,
冒险者,563,-1,-1,1098,1099,1100,1101,,,,,,,10,10,10,10,,,,,,
旅人,564,-1,-1,1102,1103,1104,1105,,,,,,,10,10,10,10,,,,,,
迷_172_30/40,565,-1,-1,1107,,,,,,,,,,1,,,,,,,,,
迷_175_30/40,566,-1,-1,1108,,,,,,,,,,1,,,,,,,,,
迷_172&175_30/40,567,-1,-1,1107,1108,,,,,,,,,1,1,,,,,,,,
迷_迷路的小孩子,568,-1,-1,1109,1110,,,,,,,,,1,1,,,,,,,,
迷_盗贼,569,-1,-1,1111,1112,1113,,,,,,,,1,1,1,,,,,,,
迷_山贼,570,-1,-1,1114,1115,1116,,,,,,,,1,1,1,,,,,,,
dan_2_10_52_53/54,571,-1,-1,1118,,,,,,,,,,1,,,,,,,,,
dan_2_10_101_53/54,572,-1,-1,1119,,,,,,,,,,1,,,,,,,,,
dan_2_10_52_54/55,573,-1,-1,1120,,,,,,,,,,1,,,,,,,,,
dan_2_10_101_54/55,574,-1,-1,1121,,,,,,,,,,1,,,,,,,,,
dan_2_10_52_55/56,575,-1,-1,1122,,,,,,,,,,1,,,,,,,,,
dan_2_10_101_55/56,576,-1,-1,1123,,,,,,,,,,1,,,,,,,,,
dan_2_10_52&101_55/56,577,-1,-1,1122,1123,,,,,,,,,1,1,,,,,,,,
dan_2_10_63_56/57,578,-1,-1,1124,,,,,,,,,,1,,,,,,,,,
dan_2_10_213_56/57,579,-1,-1,1125,,,,,,,,,,1,,,,,,,,,
dan_2_10_63_57/58,580,-1,-1,1126,,,,,,,,,,1,,,,,,,,,
dan_2_10_213_57/58,581,-1,-1,1127,,,,,,,,,,1,,,,,,,,,
dan_2_10_63_58/59,582,-1,-1,1128,,,,,,,,,,1,,,,,,,,,
dan_2_10_213_58/59,583,-1,-1,1129,,,,,,,,,,1,,,,,,,,,
dan_2_10_63&213_58/59,584,-1,-1,1128,1129,,,,,,,,,1,1,,,,,,,,
dan_2_10_42_59/60,585,-1,-1,1130,,,,,,,,,,1,,,,,,,,,
dan_2_10_184_59/60,586,-1,-1,1131,,,,,,,,,,1,,,,,,,,,
dan_2_10_42_60/61,587,-1,-1,1132,,,,,,,,,,1,,,,,,,,,
dan_2_10_184_60/61,588,-1,-1,1133,,,,,,,,,,1,,,,,,,,,
dan_2_10_42_61/62,589,-1,-1,1134,,,,,,,,,,1,,,,,,,,,
dan_2_10_184_61/62,590,-1,-1,1135,,,,,,,,,,1,,,,,,,,,
dan_2_10_42&184_61/62,591,-1,-1,1134,1135,,,,,,,,,1,1,,,,,,,,
dan_2_10_84_1,592,-1,-1,1136,1137,,,,,,,,,1,1,,,,,,,,
dan_2_10_84_62/63,593,-1,-1,1137,,,,,,,,,,1,,,,,,,,,
dan_2_10_91_1,594,-1,-1,1138,1139,,,,,,,,,1,1,,,,,,,,
dan_2_10_91_62/63,595,-1,-1,1139,,,,,,,,,,1,,,,,,,,,
dan_2_10_84_63/64,596,-1,-1,1140,,,,,,,,,,1,,,,,,,,,
dan_2_10_91_63/64,597,-1,-1,1141,,,,,,,,,,1,,,,,,,,,
dan_2_10_84_64/65,598,-1,-1,1142,,,,,,,,,,1,,,,,,,,,
dan_2_10_91_64/65,599,-1,-1,1143,,,,,,,,,,1,,,,,,,,,
dan_2_10_84_65/66,600,-1,-1,1144,,,,,,,,,,1,,,,,,,,,
dan_2_10_91_65/66,601,-1,-1,1145,,,,,,,,,,1,,,,,,,,,
dan_2_10_84&91_65/66,602,-1,-1,1144,1145,,,,,,,,,1,1,,,,,,,,
钢锁＆金锁,603,-1,13023,253,254,440,441,,,,,,,1,1,1,1,,,,,,
逃走鲁尼帖斯,605,-1,2698,1120,1121,1146,,,,,,,,1,1,1,,,,,,,
迷_175_1&30/40,606,-1,-1,1108,1169,,,,,,,,,1,1,,,,,,,,
睡尔顿前方,607,-1,2703,1170,,,,,,,,,,1,,,,,,,,,
睡尔顿后面,608,-1,-1,1170,1171,1172,1173,1174,,,,,,3,4,2,2,1,,,,,
dan_3_05_54_55/57,609,-1,-1,1175,,,,,,,,,,1,,,,,,,,,
dan_3_05_54_56/58,610,-1,-1,1176,,,,,,,,,,1,,,,,,,,,
dan_3_05_222_55/57,611,-1,-1,1177,,,,,,,,,,1,,,,,,,,,
dan_3_05_222_56/58,612,-1,-1,1178,,,,,,,,,,1,,,,,,,,,
dan_3_05_323_55/57,613,-1,-1,1179,,,,,,,,,,1,,,,,,,,,
dan_3_05_323_56/58,614,-1,-1,1180,,,,,,,,,,1,,,,,,,,,
dan_3_05_all_55/57,615,-1,-1,1175,1177,1179,,,,,,,,2,2,1,,,,,,,
dan_3_05_all_56/58,616,-1,-1,1176,1178,1180,,,,,,,,2,2,1,,,,,,,
dan_3_04_72_51/52,617,-1,-1,1181,,,,,,,,,,1,,,,,,,,,
dan_3_04_72_53/54,618,-1,-1,1182,,,,,,,,,,1,,,,,,,,,
dan_3_04_72_55/56,619,-1,-1,1183,,,,,,,,,,1,,,,,,,,,
dan_3_04_74_51/52,620,-1,-1,1184,,,,,,,,,,1,,,,,,,,,
dan_3_04_74_53/54,621,-1,-1,1185,,,,,,,,,,1,,,,,,,,,
dan_3_04_74_55/56,622,-1,-1,1186,,,,,,,,,,1,,,,,,,,,
dan_3_04_72&74_51/52,623,-1,-1,1181,1184,,,,,,,,,1,1,,,,,,,,
dan_3_04_72&74_53/54,624,-1,-1,1182,1185,,,,,,,,,1,1,,,,,,,,
dan_3_04_72&74_55/56,625,-1,-1,1183,1186,,,,,,,,,1,1,,,,,,,,
gil_n_91_51/53,626,-1,-1,1187,,,,,,,,,,1,,,,,,,,,
gil_n_143_1,627,-1,-1,1188,1189,,,,,,,,,1,1,,,,,,,,
gil_n_143_52/54,628,-1,-1,1189,,,,,,,,,,1,,,,,,,,,
dan_3_0_53_56/57,629,-1,-1,1190,,,,,,,,,,1,,,,,,,,,
dan_3_0_111_56/57,630,-1,-1,1191,,,,,,,,,,1,,,,,,,,,
dan_3_0_334_56/57,631,-1,-1,1194,,,,,,,,,,1,,,,,,,,,
dan_3_0_53_57/58,632,-1,-1,1195,,,,,,,,,,1,,,,,,,,,
dan_3_0_111_57/58,633,-1,-1,1196,,,,,,,,,,1,,,,,,,,,
dan_3_0_334_57/58,634,-1,-1,1197,,,,,,,,,,1,,,,,,,,,
dan_3_0_53_58/59,635,-1,-1,1198,,,,,,,,,,1,,,,,,,,,
dan_3_0_111_58/59,636,-1,-1,1199,,,,,,,,,,1,,,,,,,,,
dan_3_0_334_58/59,637,-1,-1,1200,,,,,,,,,,1,,,,,,,,,
dan_3_0_53&111&334_58/59,638,-1,-1,1198,1199,1200,,,,,,,,1,1,1,,,,,,,
dan_3_0_21_59/60,639,-1,-1,1201,,,,,,,,,,1,,,,,,,,,
dan_3_0_44_59/60,640,-1,-1,1202,,,,,,,,,,1,,,,,,,,,
dan_3_0_61_59/60,641,-1,-1,1204,,,,,,,,,,1,,,,,,,,,
dan_3_0_21_60/61,642,-1,-1,1205,,,,,,,,,,1,,,,,,,,,
dan_3_0_44_60/61,643,-1,-1,1206,,,,,,,,,,1,,,,,,,,,
dan_3_0_61_60/61,644,-1,-1,1207,,,,,,,,,,1,,,,,,,,,
dan_3_0_21_61/62,645,-1,-1,1208,,,,,,,,,,1,,,,,,,,,
dan_3_0_44_61/62,646,-1,-1,1209,,,,,,,,,,1,,,,,,,,,
dan_3_0_61_61/62,647,-1,-1,1210,,,,,,,,,,1,,,,,,,,,
dan_3_0_21&44&61_61/62,648,-1,-1,1208,1209,1210,,,,,,,,1,1,1,,,,,,,
dan_3_0_61_1,649,-1,-1,1208,1209,1210,1203,,,,,,,1,1,1,1,,,,,,
dan_3_0_71_62/63,650,-1,-1,1211,,,,,,,,,,1,,,,,,,,,
dan_3_0_174_62/63,651,-1,-1,1212,,,,,,,,,,1,,,,,,,,,
dan_3_0_193_62/63,652,-1,-1,1213,,,,,,,,,,1,,,,,,,,,
dan_3_0_71_63/64,654,-1,-1,1214,,,,,,,,,,1,,,,,,,,,
dan_3_0_174_63/64,655,-1,-1,1215,,,,,,,,,,1,,,,,,,,,
dan_3_0_193_63/64,656,-1,-1,1216,,,,,,,,,,1,,,,,,,,,
dan_3_0_71&174&193_63/64,657,-1,-1,1214,1215,1216,,,,,,,,1,1,1,,,,,,,
dan_2_03_21_51/55,658,-1,-1,1217,,,,,,,,,,1,,,,,,,,,
dan_2_03_22_51/55,659,-1,-1,1218,,,,,,,,,,1,,,,,,,,,
dan_2_03_23_51/55,660,-1,-1,1219,,,,,,,,,,1,,,,,,,,,
dan_2_03_24_51/55,661,-1,-1,1220,,,,,,,,,,1,,,,,,,,,
dan_2_03_21_53/57,663,-1,-1,1221,,,,,,,,,,1,,,,,,,,,
dan_2_03_22_53/57,664,-1,-1,1222,,,,,,,,,,1,,,,,,,,,
dan_2_03_23_53/57,665,-1,-1,1223,,,,,,,,,,1,,,,,,,,,
dan_2_03_24_53/57,666,-1,-1,1224,,,,,,,,,,1,,,,,,,,,
dan_2_03_21_55/59,667,-1,-1,1225,,,,,,,,,,1,,,,,,,,,
dan_2_03_22_55/59,668,-1,-1,1226,,,,,,,,,,1,,,,,,,,,
dan_2_03_23_55/59,669,-1,-1,1227,,,,,,,,,,1,,,,,,,,,
dan_2_03_24_55/59,670,-1,-1,1228,,,,,,,,,,1,,,,,,,,,
dan_2_03_23_1,671,-1,-1,1230,1225,1226,1227,1228,,,,,,1,1,1,2,1,,,,,
dan_2_03_24_1,672,-1,-1,1231,1225,1226,1227,1228,,,,,,1,1,1,1,2,,,,,
dan_2_03_all_51/55,673,-1,-1,1217,1218,1219,1220,,,,,,,1,1,1,1,,,,,,
dan_2_03_all_53/57,674,-1,-1,1221,1222,1223,1224,,,,,,,1,1,1,1,,,,,,
dan_2_03_all_55/59,675,-1,-1,1225,1226,1227,1228,,,,,,,1,1,1,1,,,,,,
dan_1_12_31_54/55,676,-1,-1,1248,,,,,,,,,,1,,,,,,,,,
dan_1_12_31_55/56,677,-1,-1,1249,,,,,,,,,,1,,,,,,,,,
dan_1_12_65_54/55,678,-1,-1,1250,,,,,,,,,,1,,,,,,,,,
dan_1_12_65_55/56,679,-1,-1,1251,,,,,,,,,,1,,,,,,,,,
dan_1_12_31&65_54/55,680,-1,-1,1248,1250,,,,,,,,,1,1,,,,,,,,
dan_1_12_31&65_55/56,681,-1,-1,1249,1251,,,,,,,,,1,1,,,,,,,,
dan_1_12_24_55/56,682,-1,-1,1252,,,,,,,,,,1,,,,,,,,,
dan_1_12_24_56/57,683,-1,-1,1253,,,,,,,,,,1,,,,,,,,,
dan_1_12_24_57/58,684,-1,-1,1254,,,,,,,,,,1,,,,,,,,,
dan_1_12_51_55/56,685,-1,-1,1255,,,,,,,,,,1,,,,,,,,,
dan_1_12_51_56/57,686,-1,-1,1256,,,,,,,,,,1,,,,,,,,,
dan_1_12_51_57/58,687,-1,-1,1257,,,,,,,,,,1,,,,,,,,,
dan_1_12_24&51_56/57,688,-1,-1,1253,1256,,,,,,,,,1,1,,,,,,,,
dan_1_12_24&51_57/58,689,-1,-1,1254,1257,,,,,,,,,1,1,,,,,,,,
dan_1_12_23_57/60,690,-1,-1,1258,,,,,,,,,,1,,,,,,,,,
dan_1_12_23_59/62,691,-1,-1,1259,,,,,,,,,,1,,,,,,,,,
dan_1_12_23_61/63,692,-1,-1,1260,,,,,,,,,,1,,,,,,,,,
dan_1_12_114_57/60,693,-1,-1,1261,,,,,,,,,,1,,,,,,,,,
dan_1_12_114_59/62,694,-1,-1,1262,,,,,,,,,,1,,,,,,,,,
dan_1_12_114_61/63,695,-1,-1,1263,,,,,,,,,,1,,,,,,,,,
dan_1_12_292_57/60,696,-1,-1,1264,,,,,,,,,,1,,,,,,,,,
dan_1_12_292_59/62,697,-1,-1,1265,,,,,,,,,,1,,,,,,,,,
dan_1_12_292_61/63,698,-1,-1,1266,,,,,,,,,,1,,,,,,,,,
dan_1_12_23&114&292_57/60,699,-1,-1,1258,1261,1264,,,,,,,,1,1,1,,,,,,,
dan_1_12_23&114&292_59/62,700,-1,-1,1259,1262,1265,,,,,,,,1,1,1,,,,,,,
dan_1_12_23&114&292_61/63,701,-1,-1,1260,1263,1266,,,,,,,,1,1,1,,,,,,,
dan_1_12_183_62/64,702,-1,-1,1267,,,,,,,,,,1,,,,,,,,,
dan_1_12_183_64/66,703,-1,-1,1268,,,,,,,,,,1,,,,,,,,,
dan_1_12_192_62/64,704,-1,-1,1269,,,,,,,,,,1,,,,,,,,,
dan_1_12_192_64/66,705,-1,-1,1270,,,,,,,,,,1,,,,,,,,,
dan_1_12_183&192_62/64,706,-1,-1,1267,1269,,,,,,,,,1,1,,,,,,,,
dan_1_12_183&192_64/66,707,-1,-1,1268,1270,,,,,,,,,1,1,,,,,,,,
初级问题,708,-1,-1,1287,1288,1289,1290,1291,1292,,,,,1,1,1,1,1,1,,,,
中级问题,709,-1,-1,1293,1294,1295,1296,1297,1298,,,,,1,1,1,1,1,1,,,,
高级问题,710,-1,-1,1299,1300,1301,1302,1303,1304,,,,,1,1,1,1,1,1,,,,
宝珠地,711,2764,2760,1305,1309,1310,,,,,,,,1,1,1,,,,,,,
宝珠水,712,2764,2761,1306,1311,,,,,,,,,1,1,,,,,,,,
宝珠风,713,2764,2763,1307,1314,1315,1316,1317,,,,,,1,1,1,1,1,,,,,
宝珠火,714,2764,2762,1308,1312,1313,,,,,,,,1,1,1,,,,,,,
dan_3_03_81&334_80/82,715,-1,-1,1318,1319,,,,,,,,,1,1,,,,,,,,
dan_3_03_141&144_82/84,716,-1,-1,1320,1321,,,,,,,,,1,1,,,,,,,,
dan_3_03_91&94_83/85,717,-1,-1,1322,1323,,,,,,,,,1,1,,,,,,,,
深蓝色石头,718,-1,-1,1322,1323,1324,,,,,,,,1,1,1,,,,,,,
dan_2_12_41&104&212_55/56,719,-1,-1,1325,1328,1331,,,,,,,,1,1,1,,,,,,,
dan_2_12_41&104&212_56/57,720,-1,-1,1326,1329,1332,,,,,,,,1,1,1,,,,,,,
dan_2_12_41&104&212_57/58,721,-1,-1,1327,1330,1333,,,,,,,,1,1,1,,,,,,,
dan_2_12_43&181&332_59/60,722,-1,-1,1334,1337,1340,,,,,,,,1,1,1,,,,,,,
dan_2_12_43&181&332_60/61,723,-1,-1,1335,1338,1341,,,,,,,,1,1,1,,,,,,,
dan_2_12_43&181&332_61/62,724,-1,-1,1336,1339,1342,,,,,,,,1,1,1,,,,,,,
dan_2_12_223&241&321_62/63,725,-1,-1,1343,1347,1350,,,,,,,,1,1,1,,,,,,,
dan_2_12_223&241&321_63/64,726,-1,-1,1344,1348,1351,,,,,,,,1,1,1,,,,,,,
dan_2_12_223&241&321_64/65,727,-1,-1,1345,1349,1352,,,,,,,,1,1,1,,,,,,,
dan_2_12_241_1,728,-1,-1,1345,1349,1352,1346,,,,,,,1,1,1,1,,,,,,
dan_3_07_271&273_80/81,729,-1,-1,1364,1366,2062,,,,,,,,1,1,1,,,,,,,
dan_3_07_271&273_81/82,730,-1,-1,1365,1367,2062,,,,,,,,1,1,1,,,,,,,
dan_3_07_273_1,731,-1,-1,1365,1367,1368,,,,,,,,1,1,1,,,,,,,
gil_w_26all_82/84,732,-1,-1,1369,1370,1371,1372,,,,,,,1,1,1,1,,,,,,
dan_3_20_88_85/87,733,-1,-1,1383,,,,,,,,,,1,,,,,,,,,
dan_3_20_144_85/87,734,-1,-1,1384,,,,,,,,,,1,,,,,,,,,
dan_3_20_92_85/87,735,-1,-1,1385,,,,,,,,,,1,,,,,,,,,
dan_3_20_88_1,736,-1,-1,1382,1383,,,,,,,,,1,1,,,,,,,,
dan_3_20_88_144_92_85/87,737,-1,-1,1383,1384,1385,,,,,,,,1,1,1,,,,,,,
dan_3_20_86_1,738,-1,-1,1386,1387,,,,,,,,,1,1,,,,,,,,
dan_3_20_86_88/90,739,-1,-1,1387,,,,,,,,,,1,,,,,,,,,
dan_3_20_273_88/90,740,-1,-1,1388,,,,,,,,,,1,,,,,,,,,
dan_3_20_95_88/90,741,-1,-1,1389,,,,,,,,,,1,,,,,,,,,
dan_3_20_86_273_95_88/90,742,-1,-1,1387,1388,1389,,,,,,,,1,1,1,,,,,,,
dan_3_20_87_1,743,-1,-1,1390,1391,,,,,,,,,1,1,,,,,,,,
dan_3_20_87_91/93,744,-1,-1,1391,,,,,,,,,,1,,,,,,,,,
dan_3_20_333_91/93,745,-1,-1,1392,,,,,,,,,,1,,,,,,,,,
dan_3_20_73_91/93,746,-1,-1,1393,,,,,,,,,,1,,,,,,,,,
dan_3_20_87_333_73_91/93,747,-1,-1,1391,1392,1393,,,,,,,,1,1,1,,,,,,,
dan_3_20_93_93/95,748,-1,-1,1394,,,,,,,,,,10,2,,,,,,,,
dan_3_20_325_1,749,-1,-1,1395,1396,,,,,,,,,10,10,4,,,,,,,
dan_3_20_325_93/95,750,-1,-1,1396,,,,,,,,,,10,2,,,,,,,,
dan_3_20_252_1,751,-1,-1,1397,1398,,,,,,,,,1,1,,,,,,,,
dan_3_20_252_93/95,752,-1,-1,1398,,,,,,,,,,10,2,,,,,,,,
dan_3_20_93_325_252_93/95,753,-1,-1,1394,1396,1398,,,,,,,,10,10,10,4,,,,,,
转生地水火风,754,-1,-1,1373,1374,1375,1376,,,,,,,1,1,1,1,,,,,,
蛮猪战队,755,-1,-1,1414,1415,1416,1418,1419,1420,1421,1422,1424,,,,,,,,,,,
PC团所抓（奇宝军）,756,-1,-1,1427,1431,,,,,,,,,1,1,,,,,,,,
PC团所抓昆伊军,757,-1,-1,1435,1436,1433,1434,,,,,,,1,1,1,1,,,,,,
PC团所抓邦洛洛克斯军,758,-1,-1,1438,1439,1440,1437,,,,,,,1,1,1,1,,,,,,
PC团,759,-1,-1,1441,,,,,,,,,,20,,,,,,,,,
英雄岛四周雷龙系LV90(同系),761,-1,-1,1465,1466,1467,1468,,,,,,,30,30,30,30,,,,,,
英雄岛四周雷龙系LV95(同系),762,-1,-1,1469,1470,1471,1472,,,,,,,30,30,30,30,,,,,,
英雄岛龙穴雷龙LV105(同系),763,-1,-1,1444,1446,1445,1447,,,,,,,30,30,30,30,,,,,,
英雄岛四周暴龙系LV95,764,-1,-1,1473,1474,,,,,,,,,30,30,,,,,,,,
英雄岛龙穴暴龙系LV105,765,-1,-1,1457,1458,,,,,,,,,30,30,,,,,,,,
英雄岛的加美系LV105,766,-1,-1,1462,1459,1460,1461,,,,,,,40,40,40,40,,,,,,
英雄岛的羊LV105,767,-1,-1,1464,1463,,,,,,,,,50,50,,,,,,,,
英雄岛斯天邦恩多斯LV90,768,-1,-1,1467,1468,,,,,,,,,30,30,,,,,,,,
英雄岛雷龙布洛布拉LV90,769,-1,-1,1465,1466,,,,,,,,,30,30,,,,,,,,
英雄岛斯天邦恩多斯LV95,770,-1,-1,1472,1471,,,,,,,,,30,30,,,,,,,,
英雄岛雷龙布洛布拉LV95,771,-1,-1,1469,1470,,,,,,,,,30,30,,,,,,,,
英雄岛斯天邦恩多斯LV105,772,-1,-1,1446,1447,,,,,,,,,30,30,,,,,,,,
英雄岛雷龙布洛布拉LV105,773,-1,-1,1444,1445,,,,,,,,,30,30,,,,,,,,
英雄岛可利多洛斯系LV95,774,-1,-1,1448,1449,,,,,,,,,30,30,,,,,,,,
英雄岛一级的邦恩多斯,775,-1,-1,1451,1447,,,,,,,,,2,40,,,,,,,,
卡里的爱宠,776,12636,-1,1477,1476,11,9,,,,,,,3,3,5,5,,,,,,
英雄岛一级布洛多斯,777,-1,-1,1444,1469,1557,,,,,,,,5,3,1,,,,,,,
现代英雄岛奇宝,778,-1,-1,1516,1515,,,,,,,,,5,5,,,,,,,,
英雄岛后传加格,779,-1,-1,1491,1492,1490,1489,,,,,,,5,5,5,5,,,,,,
英雄岛后传布林帖斯LV120,780,18557,-1,1488,,1512,,,,,,,,5,,5,,,,,,,
英雄岛后传史多拉奇顿,781,-1,-1,1486,1485,1484,,,,,,,,5,5,5,,,,,,,
英雄岛后传格尔顿,782,-1,-1,1493,1496,,,,,,,,,5,5,,,,,,,,
英雄岛后传阿哥亚,783,-1,-1,1497,1498,,,,,,,,,3,3,,,,,,,,
英雄岛后传拉奇鲁哥,784,-1,-1,1499,1500,1501,1502,,,,,,,3,3,3,3,,,,,,
英雄岛后传史多拉奇顿,786,-1,-1,1503,1504,1505,,,,,,,,5,5,5,,,,,,,
英雄岛后传加格,787,-1,-1,1510,1511,1509,1508,,,,,,,5,5,5,5,,,,,,
英雄岛后传加美LV120,788,18559,-1,1513,1459,,,,,,,,,1,1,,,,,,,,
英雄岛后传奥卡洛斯LV120,789,18556,-1,1514,1458,,,,,,,,,1,1,,,,,,,,
精灵王-黑蛙60,828,-1,19623,1681,,,,,,,,,,1,,,,,,,,,
精灵王-红蛙1,829,-1,-1,1682,1683,,,,,,,,,1,80,,,,,,,,
精灵王-绿人龙,830,19624,-1,1661,,,,,,,,,,1,,,,,,,,,
精灵王-蓝人龙,831,19624,-1,1662,,,,,,,,,,1,,,,,,,,,
精灵王-红人龙,832,19624,-1,1663,,,,,,,,,,1,,,,,,,,,
精灵王-黄人龙,833,19624,-1,1664,,,,,,,,,,,,,,,,,,,
精灵王-白空手地灵70,834,-1,-1,1665,,,,,,,,,,1,,,,,,,,,
精灵王-白空手水灵70,835,-1,-1,1666,,,,,,,,,,1,,,,,,,,,
精灵王-白空手火灵70,836,-1,-1,1667,,,,,,,,,,1,,,,,,,,,
精灵王-白空手风灵70,837,-1,-1,1668,,,,,,,,,,1,,,,,,,,,
精灵王-白空手地灵75,838,-1,19645,1669,,,,,,,,,,1,,,,,,,,,
精灵王-白空手水灵75,839,-1,19645,1670,,,,,,,,,,1,,,,,,,,,
精灵王-白空手火灵75,840,-1,19645,1671,,,,,,,,,,1,,,,,,,,,
精灵王-白空手风灵75,841,-1,19645,1672,,,,,,,,,,1,,,,,,,,,
精灵王-白暴龙-地85,842,19645,-1,1673,,,,,,,,,,1,,,,,,,,,
精灵王-白暴龙-水85,843,19645,-1,1674,,,,,,,,,,1,,,,,,,,,
精灵王-白暴龙-火85,844,19645,-1,1675,,,,,,,,,,1,,,,,,,,,
精灵王-白暴龙-风85,845,19645,-1,1676,,,,,,,,,,1,,,,,,,,,
精灵王-黑-地100,846,-1,-1,1677,,,,,,,,,,1,,,,,,,,,
精灵王-黑-水110,847,-1,-1,1678,477,1701,,,,,,,,50,1,10,,,,,,,
精灵王-黑-火110,848,-1,-1,1679,1624,1703,,,,,,,,50,1,20,,,,,,,
精灵王-黑-风110,849,-1,-1,1680,,,,,,,,,,1,,,,,,,,,
##########################################
素材骨67,1422,18563,-1,2674,,,,,,,,,,1,,,,,,,,,
素材骨89,1423,18563,-1,2675,,,,,,,,,,1,,,,,,,,,
素材骨1011,1424,18563,-1,2676,,,,,,,,,,1,,,,,,,,,
素材爪67,1425,18563,-1,2677,,,,,,,,,,1,,,,,,,,,
素材爪89,1426,18563,-1,2678,,,,,,,,,,1,,,,,,,,,
素材爪1011,1427,18563,-1,2679,,,,,,,,,,1,,,,,,,,,
素材牙67,1428,18563,-1,2680,,,,,,,,,,1,,,,,,,,,
素材牙89,1429,18563,-1,2681,,,,,,,,,,1,,,,,,,,,
素材牙1011,1430,18563,-1,2682,2683,2684,,,,,,,,1,1,1,,,,,,,
素材皮67,1431,18563,-1,2685,,,,,,,,,,1,,,,,,,,,
素材皮89,1432,18563,-1,2686,,,,,,,,,,1,,,,,,,,,
素材皮1011,1433,18563,-1,2687,2688,2689,,,,,,,,1,1,1,,,,,,,
素材黏土89,1434,18566,-1,2690,,,,,,,,,,1,,,,,,,,,
素材黏土1011,1435,18566,-1,2691,,,,,,,,,,1,,,,,,,,,
素材石67,1436,18566,-1,2692,,,,,,,,,,1,,,,,,,,,
素材石1011,1437,18566,-1,2693,,,,,,,,,,1,,,,,,,,,
素材水晶67,1438,18566,-1,2694,2695,2696,2697,,,,,,,1,1,1,1,,,,,,
素材水晶89,1439,18566,-1,2698,2699,2700,2701,,,,,,,1,1,1,1,,,,,,
素材水晶1011,1440,18566,-1,2702,2703,2704,2705,,,,,,,1,1,1,1,,,,,,
素材鳞67,1441,18564,-1,2706,,,,,,,,,,1,,,,,,,,,
素材鳞89,1442,18564,-1,2707,,,,,,,,,,1,,,,,,,,,
素材鳞1011,1443,18564,-1,2708,,,,,,,,,,1,,,,,,,,,
素材贝壳67,1444,18564,-1,2709,2710,2711,2712,,,,,,,1,1,1,1,,,,,,
素材贝壳89,1445,18564,-1,2713,,,,,,,,,,1,,,,,,,,,
素材贝壳1011,1446,18564,-1,2714,2715,2716,2717,,,,,,,1,1,1,1,,,,,,
素材壳67,1447,18564,-1,2718,,,,,,,,,,1,,,,,,,,,
素材壳89,1448,18564,-1,2719,,,,,,,,,,1,,,,,,,,,
素材壳1011,1449,18564,-1,2720,,,,,,,,,,1,,,,,,,,,
素材叶67,1450,18565,-1,2721,,,,,,,,,,1,,,,,,,,,
素材叶89,1451,18565,-1,2722,,,,,,,,,,1,,,,,,,,,
素材叶1011,1452,18565,-1,2723,,,,,,,,,,1,,,,,,,,,
素材木67,1453,18565,-1,2724,,,,,,,,,,1,,,,,,,,,
素材木89,1454,18565,-1,2725,,,,,,,,,,1,,,,,,,,,
素材木1011,1455,18565,-1,2726,,,,,,,,,,1,,,,,,,,,
素材花67,1456,18565,-1,2727,,,,,,,,,,1,,,,,,,,,
素材花89,1457,18565,-1,2728,,,,,,,,,,1,,,,,,,,,
素材花1011,1458,18565,-1,2729,2730,2731,2732,,,,,,,1,1,1,1,,,,,,
LV80,1459,-1,-1,2730,,,,,,,,,,1,,,,,,,,,









