火山泉,以火焰喷泉烧伤敌人,PROFESSION_VOLCANO_SPRINGS,火|0|1|0|0|0|0|0|0|50|0|-50,1,2,1,10,1,1,29246,101697,101686,1000,0,0,0,0,0,0,0,0,0
针针相对,将敌方之血量及法力转为已用,PROFESSION_SIGN,无|0|1|0|0|0|0|0,2,2,3,10,1,3,29257,101697,101633,200000,20,10,70,0,0,0,0,0,0 
世界末日,禁忌的咒术，具有大自然所有力量结合而成的破坏力,PROFESSION_DOOM,无|1|1|320|240|1000|4700|0|320|240,3,2,3,10,1,3,29267,101697,101640,200000,30,13,60,8,60,5,60,0,0
冰爆术,爆裂的碎冰造成强大的伤害,PROFESSION_ICE_CRACK,冰|1|1|320|240|2700|3800|0|320|240,4,2,3,10,1,1,29253,101697,101651,200000,20,14,70,17,70,0,0,0,0 
附身术,召唤顽皮精灵附于对方身上迷惑其心智,PROFESSION_ENCLOSE,无|0|1|0|-60|0|0|0|0|60,5,2,1,10,1,1,29264,101697,101643,200000,20,15,70,16,70,17,70,21,70
召雷术,呼唤落雷击向敌方,PROFESSION_SUMMON_THUNDER,电|0|1|0|0|0|0|0,6,2,1,10,1,1,29249,101697,101628,1000,0,0,0,0,0,0,0,0,0  
暴风雨,藉由暴风雨的力量伤害敌人,PROFESSION_STORM,冰|1|0|320|240|1500|4500|0|320|240|,7,2,3,10,1,1,29251,101697,101678,100000,10,6,70,0,0,0,0,0,0 
电流术,将落雷的力量分成数股电流射出,PROFESSION_CURRENT,电|0|1|0|0|0|0|0,8,2,3,10,1,1,29250,101697,101624,200000,20,7,70,16,70,0,0,0,0 
火星球,火球击中敌人之后漫延开来造成更大伤害,PROFESSION_FIRE_BALL,火|1|1|150|150|1500|4500|0|330|280|420|320|250|180|350|260,9,2,8,10,1,1,29247,101697,101693,100000,10,1,70,0,0,0,0,0,0 
嗜血蛊,施放蛊虫于敌方身上使其失血,PROFESSION_BLOOD_WORMS,无|0|1|0|-120|0|0|0|0|120|,10,2,1,12,1,1,29256,101697,101623,100000,10,11,70,0,0,0,0,0,0 
嗜血成性,以自已的血液换取法力,PROFESSION_BLOOD,无|0|1|0|80|0|0|0|0|100,11,2,5,0,1,2,29255,101697,101689,1000,0,0,0,0,0,0,0,0,0 
冰箭术,射出冰箭伤害敌人（附加冰冻效果）,PROFESSION_ICE_ARROW,冰|0|1|10|-20|0|0|0|10|20,12,2,1,10,1,1,29252,101697,101648,1000,0,0,0,0,0,0,0,0,0 
火龙枪,操控火龙成枪形射向敌方,PROFESSION_FIRE_SPEAR,火|1|1|350|250|3200|4200|1|320|240,13,2,1,10,1,1,29248,101697,101641,200000,20,9,70,15,70,0,0,0,0 
冰镜术,冰属性的明镜带来可怕的效果,PROFESSION_ICE_MIRROR,冰|0|1|0|0|0|0|0|0|50|0|-50,14,2,1,10,1,1,29254,101697,101652,100000,10,12,70,0,0,0,0,0,0 
火附体,召唤火焰附在武器或防具上增强其效能,PROFESSION_FIRE_ENCLOSE,炎|效%1|回%3|成%100,15,2,1,10,1,1,29258,101697,101699,1000,0,0,0,0,0,0,0,0,0 
雷附体,召唤雷电附在武器或防具上增强其效能,PROFESSION_THUNDER_ENCLOSE,击|效%1|回%1|成%100,16,2,1,10,1,1,29259,101697,101701,1000,0,0,0,0,0,0,0,0,0 
冰附体,召唤冰雾附在武器或防具上增强其效能,PROFESSION_ICE_ENCLOSE,冻|效%1|回%3|成%100,17,2,1,10,1,1,29260,101697,101700,1000,0,0,0,0,0,0,0,0,0 
火熟练度,增加火系魔法攻击力,PROFESSION_FIRE_PRACTICE,,18,2,5,0,1,2,29261,101697,101411,100000,10,15,70,0,0,0,0,0,0 
雷熟练度,增加雷系魔法攻击力,PROFESSION_THUNDER_PRACTICE,,19,2,5,0,1,2,29262,101697,101411,100000,10,16,70,0,0,0,0,0,0 
冰熟练度,增加冰系魔法攻击力,PROFESSION_ICE_PRACTICE,,20,2,5,0,1,2,29263,101697,101411,100000,10,17,70,0,0,0,0,0,0 
移形换位,利用地形闪躲攻击,PROFESSION_TRANSPOSE,回%80|回%3,21,2,5,10,1,2,29265,101697,101695,1000,0,0,0,0,0,0,0,0,0 
暴击,攻击力提升攻击,PROFESSION_BRUST,攻%1|倍%1|效%1,22,1,1,7,1,1,29207,101684,101626,1000,0,0,0,0,0,0,0,0,0 
连环攻击,一定机率发动攻击二次,PROFESSION_CHAIN_ATK,倍%2|次%2|攻%2|效%1,23,1,1,7,1,1,29201,101684,101626,1000,0,0,0,0,0,0,0,0,0 
双重攻击,使用虚招后第二次攻击加强。,PROFESSION_CHAIN_ATK_2,倍%2|次%2|攻%2|效%1,24,1,1,13,1,1,29208,101684,101418,100000,10,23,70,0,0,0,0,0,0  
回避,增加人物物理攻击回避率,PROFESSION_AVOID,回,25,1,1,0,1,2,29202,101418,101638,1000,0,0,0,0,0,0,0,0,0 
枪熟练度,增加使用枪类武器的伤害力,PROFESSION_WEAPON_FOCUS,枪,26,1,1,0,1,2,29203,101418,101418,1000,10,37,70,0,0,0,0,0,0 
斧熟练度,增加使用斧类武器的伤害力,PROFESSION_WEAPON_FOCUS,斧,27,1,1,0,1,2,29205,101418,101418,1000,10,37,70,0,0,0,0,0,0 
棍熟练度,增加使用棍棒类武器的伤害力,PROFESSION_WEAPON_FOCUS,棍,28,1,1,0,1,2,29204,101418,101418,1000,10,37,70,0,0,0,0,0,0   
弓熟练度,增加装备弓的伤害力,PROFESSION_WEAPON_FOCUS,弓,29,3,1,0,1,2,29233,101418,101418,1000,0,0,0,0,0,0,0,0,0   
精通回力镖,增加装备回旋标的伤害力,PROFESSION_WEAPON_FOCUS,镖,30,3,1,0,1,2,29234,101418,101418,1000,0,0,0,0,0,0,0,0,0 
精通投掷石,增加装备投掷石的伤害力,PROFESSION_WEAPON_FOCUS,石,31,3,1,0,1,2,29231,101418,101418,1000,0,0,0,0,0,0,0,0,0    
精通投掷斧,增加装备投掷斧的伤害力,PROFESSION_WEAPON_FOCUS,投,32,3,1,0,1,2,29232,101418,101418,1000,0,0,0,0,0,0,0,0,0   
状态回复,人物处于非正常情况下待机(昏睡、石化等)自动回复体力,PROFESSION_REBACK,HP%2,33,1,1,0,1,2,29206,101418,101418,100000,10,34,70,36,70,0,0,0,0 
舍已为友,帮我方宠物或人物抵挡物理攻击。,PROFESSION_SCAPEGOAT,回%1,34,1,5,5,1,2,29209,101418,101418,1000,0,0,0,0,0,0,0,0,0 
激化攻击,瞬间提升攻击力并下降些许防御力,PROFESSION_ENRAGE,攻%20|防%10|倍%2|效%1|回%3,35,1,5,20,1,2,29210,101679,101679,100000,10,22,70,0,0,0,0,0,0 
能量聚集,集中身上的能量以提升防御力,PROFESSION_ENERGY_COLLECT,防%20|敏%10|倍%2|效%1|回%3,36,1,5,10,1,2,29211,101645,101645,1000,0,0,0,0,0,0,0,0,0   
专注战斗,集中精神于战斗中，强化自身命中率,PROFESSION_FOCUS,命%200|倍%2|效%1|回%2,37,1,5,9,1,2,29212,101636,101636,1000,0,0,0,0,0,0,0,0,0
盾击,利用盾牌敲击对手（需装备盾）,PROFESSION_SHIELD_ATTACK,晕|成%30|效%2|回%2,38,1,1,5,1,1,29213,101631,101631,1000,0,0,0,0,0,0,0,0,0 
贯穿攻击,同时伤害后排之人和宠物,PROFESSION_THROUGH_ATTACK,无|1|1|320|240|0|0|0|320|380|360|340|380|270|490|230|550|200|,39,1,1,21,1,1,29216,101660,101661,200000,20,24,70,35,70,40,70,0,0 
濒死攻击,以身上的伤口痛楚逼迫自已专注以提升命中率,PROFESSION_DEAD_ATTACK,命%82|HP%10|倍%2|效%1|回%3,40,1,1,17,1,1,29218,101637,101626,100000,10,37,70,0,0,0,0,0,0 
回旋攻击,以回旋的力量攻击敌方一整排敌人,PROFESSION_CONVOLUTE,无|1|1|150|150|0|0|0|350|280|500|320|100|150|180|230,41,1,8,28,1,1,29219,101655,101656,200000,20,40,70,0,0,0,0,0,0 
混乱攻击,以发狂的怒气攻击敌复数,PROFESSION_CHAOS,效%1|,42,1,1,28,1,1,29220,101684,0,200000,20,24,70,43,70,0,0,0,0   
二刀流,可双手均装备武器提升攻击力，但左手武器之精灵将失效,PROFESSION_DUAL_WEAPON,倍%2|次%2|攻%2|效%1,43,1,1,0,1,2,29214,29201,101418,100000,10,23,70,38,70,0,0,0,0
追寻敌踪,提升遇敌机率,PROFESSION_TRACK,倍%5|升,44,3,3,13,0,2,29222,101627,101629,1000,0,0,0,0,0,0,0,0,0 
回避战斗,减低遇敌率,PROFESSION_ESCAPE,倍%5|降,45,3,3,13,0,2,29228,101629,101638,100000,20,44,70,0,0,0,0,0,0 
树根缠绕,降低敌敏捷,PROFESSION_ENTWINE,缠|成%40|敏%30|效%1|回%5,46,3,1,13,1,2,29227,101698,101682,100000,20,47,70,0,0,0,0,0,0  
陷阱,以陷阱反伤害物理攻击,PROFESSION_TRAP,效%1|回%5,47,3,5,11,1,2,29224,101698,100610,1000,0,0,0,0,0,0,0,0,0 
天罗地网,限制敌人行动,PROFESSION_DRAGNET,罗|成%30|效%1|回%2,48,3,1,11,1,2,29226,101698,101683,200000,20,46,60,0,0,0,0,0,0 
尸体掠夺,可从尸体身上掠夺到物品,PROFESSION_PLUNDER,效%1,49,3,10,10,1,2,29230,101698,101411,100000,20,0,0,0,0,0,0,0,0 
毒素武器,让武器附上毒素使被击中之敌人中毒,PROFESSION_TOXIN_WEAPON,毒|前|成%20|敏%30|效%1|回%5,50,3,1,5,1,1,29235,101667,101666,100000,20,30,0,31,0,32,0,0,0   
弱点攻击,针对宠物弱点加以攻击，加强伤害力,PROFESSION_ATTACK_WEAK,攻%1|前|倍%1|效%1,51,3,1,9,1,1,29239,101698,101681,100000,20,56,70,0,0,0,0,0,0    
挑拨,使对方宠物不听使唤,PROFESSION_INSTIGATE,挑|成%20|敏%30|效%1|回%2,52,3,1,17,1,2,29240,101698,101418,100000,20,56,70,0,0,0,0,0,0 
格档,增加格挡敌人攻击之机率,PROFESSION_DEFLECT,,53,1,1,0,1,2,29215,29201,101418,100000,10,25,70,0,0,0,0,0,0 
座骑攻击,将攻击大部分集中在骑乘宠物身上,PROFESSION_CAVALRY,倍%2|次%2|攻%2|效%1,54,1,1,11,1,1,29217,101684,26518,200000,20,26,0,27,0,28,0,0,0       
加工,制作武器装备,PROFESSION_CHAIN_ATK,倍%2|次%2|攻%2|效%1,55,3,1,25,1,2,29221,29221,101418,100000,0,0,0,0,0,0,0,0,0  
驯服宠物,提升捕获率，提升到一定等级可抓特殊宠,PROFESSION_DOCILE,倍%2|次%2|攻%2|效%1,56,3,1,10,1,2,29223,29221,101625,1000,0,0,0,0,0,0,0,0,0   
激怒宠物,暂时提升宠物能力,PROFESSION_ENRAGE_PET,攻%20|防%10|倍%2|效%1|回%3,57,3,1,13,1,2,29225,101698,26521,200000,30,51,70,62,60,0,0,0,0 
自给自足,自已制作材料,PROFESSION_ENRAGE,攻%20|防%10|倍%2|效%1|回%3,58,3,1,20,1,2,29229,101418,101418,100000,0,0,0,0,0,0,0,0,0
雷抗性,提升电雷抗性,PROFESSION_RESIST_THUNDER,雷|成%100|回%3,59,3,5,14,1,2,29236,101658,101659,200000,20,47,0,0,0,0,0,0,0 
火抗性,提升火焰抗性,PROFESSION_RESIST_FIRE,火|成%100|回%3,60,3,5,14,1,2,29237,101646,101647,200000,20,47,0,0,0,0,0,0,0 
冰抗性,提升冰冻抗性,PROFESSION_RESIST_ICE,冰|成%100|回%3,61,3,5,14,1,2,29238,101653,101654,200000,20,47,0,0,0,0,0,0,0  
遗忘,使宠物暂时忘却所学习的技能,PROFESSION_OBLIVION,忘|成%100|回%3,62,3,1,21,1,2,29241,101418,101418,200000,20,52,60,0,0,0,0,0,0  
自我强化,提升人物基本耐力,PROFESSION_STRENGTHEN,攻%20|防%10|倍%2|效%1|回%3,63,4,1,0,0,2,29242,101418,101418,1000,-1,0,0,0,0,0,0,0,0  
气力充沛,增加人物基本气力值,PROFESSION_FULL_MP,倍%5|升,64,4,1,0,0,2,29243,101627,101629,1000,-1,0,0,0,0,0,0,0,0 
负重增加,提升可堆叠之物品堆叠数上限,PROFESSION_STRONG_BACK,倍%5|升,65,4,1,0,0,2,29244,101627,101629,1000,-1,0,0,0,0,0,0,0,0 
自然威能,提升火冰雷抗性,PROFESSION_RESIST_F_I_T,抗|成%100|回%3,66,3,5,14,1,3,29055,101769,101769,200000,20,59,50,60,50,61,50,0,0
号召自然,召号大自然的力量转成HP,PROFESSION_CALL_NATURE,然|1|1|320|240|3200|4200|1|320|240,67,3,2,14,1,1,29056,101773,101654,200000,20,59,50,60,50,61,50,0,0
地结界,地属性减伤,PROFESSION_BOUNDARY,地结界|1|1|320|240|3200|4200|1|320|240,68,3,2,14,1,1,29050,101697,101789,200000,30,66,50,67,50,0,0,0,0
水结界,水属性减伤,PROFESSION_BOUNDARY,水结界|1|1|320|240|3200|4200|1|320|240,69,3,2,14,1,1,29051,101697,101777,200000,30,66,50,67,50,0,0,0,0
火结界,火属性减伤,PROFESSION_BOUNDARY,火结界|1|1|320|240|3200|4200|1|320|240,70,3,2,14,1,1,29052,101697,101783,200000,30,66,50,67,50,0,0,0,0
风结界,风属性减伤,PROFESSION_BOUNDARY,风结界|1|1|320|240|3200|4200|1|320|240,71,3,2,14,1,1,29053,101697,101795,200000,30,66,50,67,50,0,0,0,0
破除结界,破除地水火风结界,PROFESSION_BOUNDARY,破结界|1|2|320|240|3200|4200|1|320|240,72,3,1,10,1,1,29054,101697,101771,200000,30,66,50,67,50,0,0,0,0
