###########################################################
#得到大的宝袋　　　　　　　　　　　　　　　　　　　　#
#						负责：西竹#
###########################################################

NomalMainMsg:很像是小袋子

EventNo:-1
TYPE:ACCEPT
EVENT:LV>0&ITEM=2700
AcceptMsg:\n\n要收下这个小袋子吗?
ThanksMsg:\n\n\n从袋子中出现了很多道具
ItemFullMsg:\n\n\n所持物品太多无法带走的样子
GetRandItem:33,45,60,157,165,168,244,255,261,340,344,359,440,443,458,530,542,558,645,655,667,743,751,758,33,157,244,255,240,440,530,645,743,2694,2695,2696,957,964,1034,1045,1141,1154,1357,1358,11805,11804,11814,11834,11835,11845,11846,11855,11865,11875,11884,11904,957,964,970,1034,1045,1056,1141,1154,1159,1357,1358,1367,11805,11804,11814,11815,11834,11835,11836,11845,11846,11855,11865,11875,11884,11904,2691,2692,2693
DelItem:2700
Break
EventEnd


EventNo:-1
TYPE:MESSAGE
EVENT:LV>0&ITEM!=2700
NomalWindowMsg:\n\n袋口被牢牢的绑住\n是不可能拿到里面的东西的
EventEnd



