###########################################################
#得到大的宝袋　　　　　　　　　　　　　　　　　　　　#
#						负责：西竹#
###########################################################

NomalMainMsg:很像是大袋子

EventNo:-1
TYPE:ACCEPT
EVENT:LV>0&ITEM=2700
AcceptMsg:\n\n要收下这个大袋子吗?
ThanksMsg:\n\n\n从袋子中出现了很多道具
ItemFullMsg:\n\n\n所持物品太多无法带走的样子
GetRandItem:36,46,60,160,162,170,250,257,261,339,345,356,442,453,457,540,544,561,646,652,664,747,750,755,36,160,250,257,339,442,532,646,745,2694,2695,2696,957,966,1036,1047,1144,1156,1359,1357,11806,11804,11813,11835,11836,11844,11845,11856,11864,11875,11883,11902,957,966,970,1036,1044,1056,1144,1156,1159,1357,1358,1367,11805,11804,11814,11815,11834,11835,11836,11845,11846,11855,11865,11875,11884,11904,2691,2692,2693
DelItem:2700
Break
EventEnd


EventNo:-1
TYPE:MESSAGE
EVENT:LV>0&ITEM!=2700
NomalWindowMsg:\n\n袋口被牢牢的绑住\n是不可能拿到里面的东西的
EventEnd



